0.177900553	0.051079625		0.203680709	0.107976027		0.216776256	0.04014911		0.223798244	0.120653729		0.205517607	0.074423419
0.065651366	0.063658171		0.069923461	0.052388392		0.09231471	0.062754052		0.06552997	0.051520596		0.058828311	0.053384011
0.057591495	0.035954201		0.053974401	0.08061734		0.04832041	0.048993946		0.063423958	0.054051151		0.055236316	0.043694887
0.051326471	0.037544026		0.062540017	0.037676759		0.039626948	0.036603707		0.056174464	0.035926707		0.047993013	0.039227931
0.051123808	0.035929126		0.055891453	0.039459594		0.047150059	0.044798148		0.046605709	0.050367965		0.047640136	0.040133005
0.049309962	0.040640617		0.042664255	0.035970257		0.049130606	0.033437571		0.055123519	0.039662973		0.046322668	0.049786274
0.049233538	0.046151458		0.046936986	0.064004807		0.051070516	0.03170718		0.041323684	0.032137293		0.048377963	0.030102461
0.035795018	0.061829162		0.057787393	0.042478974		0.048172786	0.037073024		0.04202197	0.057620446		0.032821167	0.02647193
0.043469966	0.03237076		0.035694044	0.034208346		0.042598575	0.035506663		0.039356388	0.035599609		0.041842888	0.0302226
0.043046406	0.027898786		0.039333096	0.027951819		0.03412033	0.030508507		0.039358387	0.035487556		0.04056187	0.042955961
0.033871589	0.028533394		0.037157217	0.027227342		0.02796003	0.02825225		0.034451826	0.036563519		0.033134283	0.045802294
0.030783167	0.040788608		0.03018515	0.026218367		0.032998112	0.039890849		0.03585072	0.041903451		0.033129385	0.025257674
0.048856807	0.034565992		0.039547701	0.029897072		0.037921718	0.030259434		0.037010253	0.027671637		0.030106645	0.033400632
0.03373627	0.028458765		0.044078931	0.030099797		0.034566758	0.041490746		0.030709526	0.024748021		0.036622853	0.033873798
0.031024461	0.025310978		0.039315294	0.060325818		0.030415285	0.024394459		0.035320847	0.029133785		0.035189354	0.031614028
0.032066666	0.025822191		0.037669816	0.037910701		0.037279284	0.029279511		0.038019837	0.082154397		0.034967474	0.032790746
0.035411527	0.027372477		0.028431365	0.024366805		0.038402152	0.07107041		0.045851751	0.033214528		0.029102465	0.037045497
0.029767798	0.025380698		0.030552779	0.025484767		0.03741571	0.074860974		0.03256348	0.024230947		0.029472282	0.031522481
0.030397735	0.027375861		0.032391755	0.025354713		0.035218058	0.027395133		0.026941974	0.028961357		0.028090246	0.024029024
0.033112672	0.043891722		0.026225377	0.023725381		0.028140644	0.0270914		0.038205289	0.063725893		0.028662007	0.028041117
0.030616204	0.029237706		0.023432144	0.029132074		0.032082515	0.023681131		0.027004969	0.030315736		0.031969067	0.025307591
0.026898394	0.026301184		0.024737324	0.02346631		0.026548444	0.026076647		0.02816542	0.031171039		0.027079266	0.023665791
0.025059609	0.024585259		0.025318018	0.022141788		0.028586055	0.024999967		0.026629533	0.026058271		0.027142245	0.050274555
0.026905025	0.024577894		0.027652255	0.023890145		0.02927276	0.029660376		0.027944332	0.02236708		0.029208285	0.028425042
0.02994732	0.023511705		0.024339922	0.028754848		0.026634861	0.023517828		0.028003844	0.023895308		0.029481549	0.022998967
0.026898254	0.03221967		0.025862191	0.025998872		0.024812016	0.026126153		0.03344654	0.035342244		0.026955512	0.026104663
0.033914731	0.045002614		0.027186436	0.038351168		0.035297413	0.047205504		0.029473242	0.022965108		0.024786063	0.02766326
0.027196714	0.025652342		0.025747305	0.032271803		0.032107513	0.023241079		0.025753145	0.023129956		0.035908631	0.02408113
0.023691605	0.022638085		0.022697885	0.025194688		0.025803217	0.027255173		0.03150823	0.030388542		0.027664931	0.028534389
0.024639417	0.028408819		0.023944889	0.023882919		0.024555927	0.024260956		0.024205795	0.023113615		0.024681551	0.023236212
0.025575228	0.031715889		0.022751663	0.025809528		0.028635194	0.031313765		0.025954616	0.0317628		0.02610212	0.030351843
0.025514333	0.028679682		0.027571167	0.03419539		0.025194273	0.031039171		0.026067868	0.038301748		0.025719457	0.03647979
0.028397932	0.031636968		0.027919798	0.02756366		0.023136253	0.024317665		0.023583583	0.022179437		0.027980757	0.031092768
0.025293911	0.022819732		0.026738743	0.031766452		0.028904437	0.024547227		0.025710683	0.031702947		0.024154993	0.037827979
0.024761862	0.022119457		0.022626078	0.021518098		0.032013538	0.022476866		0.026872486	0.027857134		0.025427358	0.029194757
0.024040726	0.024413541		0.024058143	0.02934012		0.027098594	0.02698058		0.025717061	0.024214078		0.027085105	0.022364943
0.023898157	0.022660507		0.021852392	0.021488213		0.024993868	0.02278645		0.024751499	0.034423429		0.031131633	0.021799234
0.023343593	0.025001059		0.023799968	0.02231524		0.029122211	0.025532311		0.024792673	0.023320594		0.022738148	0.021826464
0.025380619	0.037577337		0.021341944	0.026185456		0.022453847	0.039267356		0.022250284	0.028694774		0.027109044	0.024066846
0.024091298	0.025802889		0.024635581	0.024630286		0.025165178	0.023673559		0.022519389	0.021290297		0.024005937	0.036156641
0.022352459	0.027723769		0.022610184	0.024745937		0.023066899	0.022355168		0.021512731	0.026005244		0.024943494	0.022995988
0.025006039	0.025963786		0.022098303	0.023239415		0.026381596	0.023373383		0.02167199	0.026548794		0.021938216	0.022012297
0.022760851	0.023128976		0.021400659	0.045772747		0.023813972	0.029304011		0.02231745	0.022152369		0.020890265	0.028283989
0.022467812	0.026509256		0.021516108	0.023996479		0.02251325	0.026578476		0.021474644	0.022345872		0.025148597	0.023587779
0.021873008	0.026903422		0.024030864	0.022849117		0.022706947	0.023838964		0.021406161	0.029512744		0.025304814	0.022299852
0.021768184	0.023842981		0.022882164	0.02387731		0.026376402	0.022276093		0.021248454	0.021997774		0.025956643	0.021701565
0.022378551	0.029283891		0.021120971	0.025975033		0.021703996	0.034679804		0.020316038	0.020962704		0.022586186	0.024492634
0.0213681	0.021010154		0.021307055	0.023514858		0.02306485	0.022609657		0.019500292	0.020850681		0.024180118	0.023851699
0.022722589	0.034330881		0.02200868	0.027041786		0.02406301	0.027004259		0.018790681	0.021591741		0.022417728	0.025725844
0.022770581	0.022341208		0.022295861	0.021885879		0.020986602	0.02546944		0.020240346	0.02568555		0.023966349	0.026398759
0.020029404	0.02134834		0.019732001	0.025159471		0.020697803	0.021517566		0.019760634	0.036626842		0.020370744	0.020933627
0.021502601	0.025482002		0.019897092	0.02720594		0.020301183	0.030742422		0.021314039	0.024039529		0.021988308	0.021712076
0.021284578	0.023203138		0.020487118	0.028330563		0.021333739	0.027793465		0.019287743	0.019952323		0.019815342	0.020867667
0.020668835	0.022305023		0.021346255	0.023702384		0.022395161	0.022349069		0.020870538	0.023074821		0.019022414	0.020666187
0.022780505	0.022472239		0.021004917	0.020818194		0.021770031	0.029439781		0.018773462	0.022176106		0.021857367	0.022883555
0.021471816	0.021794571		0.021255933	0.020626479		0.022698775	0.024718882		0.020806636	0.022803554		0.018973164	0.020567934
0.020605547	0.027254072		0.01965262	0.020711619		0.020610448	0.023926027		0.019690933	0.025254255		0.022447057	0.026199392
0.019981737	0.022988687		0.019511175	0.021863451		0.019252641	0.021181798		0.017994984	0.020782241		0.021538915	0.02124925
0.021566947	0.022396677		0.019414113	0.021370722		0.021692384	0.029149782		0.01964984	0.022028006		0.020729532	0.024667496
0.019154651	0.020838154		0.021893807	0.028203454		0.021210452	0.025337603		0.019731391	0.021638786		0.022727124	0.022218553
0.018802804	0.020782379		0.020102064	0.020719533		0.021807532	0.021338237		0.020018232	0.019795347		0.02073747	0.021027198
0.020893255	0.031507653		0.018919031	0.020970765		0.022996528	0.022198443		0.019125	0.022460199		0.02181541	0.021101788
0.022571055	0.025880255		0.01836497	0.021070599		0.02252818	0.022052083		0.019420152	0.02794006		0.019386187	0.020797966
0.02006703	0.022634588		0.018661596	0.02827656		0.019425807	0.025587485		0.019426382	0.020636956		0.020690548	0.022908482
0.019824781	0.020428131		0.018918347	0.020525904		0.020606156	0.02457797		0.017940877	0.023070291		0.020329616	0.021826485
0.018544349	0.024973375		0.018921121	0.021455492		0.019463573	0.022667704		0.02001774	0.0197157		0.017974345	0.023086143
0.018742192	0.02073083		0.019743056	0.021286169		0.020687243	0.020927525		0.022228011	0.032983977		0.017772227	0.020726316
0.017847262	0.022395227		0.01904647	0.020124575		0.018999541	0.021320613		0.022355811	0.020915431		0.021077691	0.02509313
0.018371081	0.022899488		0.018497895	0.021946663		0.021256775	0.031002633		0.019036061	0.02012634		0.019340089	0.021368057
0.019144988	0.029669814		0.019900472	0.023130937		0.019760744	0.025765962		0.018624565	0.021043303		0.020993404	0.026514316
0.018716369	0.021551273		0.019438194	0.020757559		0.019268514	0.02243505		0.018695899	0.020053292		0.019143711	0.028699285
0.018148218	0.022103067		0.01780429	0.020267684		0.018749261	0.020602558		0.016967827	0.019734846		0.019620709	0.021326203
0.017579281	0.020941339		0.018131568	0.023281493		0.01744559	0.022020767		0.017307127	0.021136408		0.019606696	0.022358212
0.018973457	0.020465763		0.017637735	0.020045097		0.0188738	0.023313952		0.017784076	0.026803138		0.018210005	0.019982832
0.017986534	0.020615294		0.017533128	0.021081282		0.017827678	0.023349644		0.017611487	0.024682358		0.018393012	0.023360351
0.018636969	0.020220586		0.017265775	0.019869933		0.020039849	0.021380483		0.017294708	0.022016498		0.016961333	0.019886141
0.017853202	0.020174244		0.017520318	0.021500716		0.018979785	0.022205404		0.01898239	0.023349264		0.017829293	0.019856893
0.017418409	0.020596568		0.017060845	0.02017659		0.018454832	0.028294868		0.017309335	0.020229221		0.018430755	0.028879786
0.018214499	0.020215956		0.018247766	0.020790626		0.017776291	0.019522603		0.016717767	0.020274681		0.018077599	0.020086207
0.019122861	0.027044707		0.017729203	0.020809552		0.017582072	0.034898556		0.016669193	0.020962973		0.01758735	0.020631721
0.01824961	0.020979018		0.016801412	0.021035852		0.019632515	0.02081502		0.018122593	0.020161466		0.017544091	0.020894808
0.019515748	0.020440039		0.016914522	0.020071613		0.017433172	0.021237579		0.015991529	0.021532623		0.01715819	0.020201229
0.017914496	0.023871939		0.017300251	0.023354607		0.016878387	0.021731847		0.018676358	0.02132052		0.016730323	0.019618892
0.019145674	0.021721565		0.01641388	0.023522363		0.016549757	0.021130547		0.016098091	0.019996609		0.01576439	0.020358604
0.01684657	0.020417016		0.016786762	0.022780484		0.019132073	0.022282175		0.015560204	0.020643001		0.017677042	0.0255668
0.016017019	0.021648114		0.01656259	0.022830347		0.017609532	0.019955535		0.015743899	0.020405085		0.016490193	0.020175515
0.016216124	0.02292926		0.016797639	0.019491899		0.017378321	0.019885931		0.015846476	0.020891818		0.017486785	0.021261717
0.017828546	0.019489673		0.016177252	0.019899332		0.016434446	0.022482411		0.015805115	0.019940252		0.016556855	0.020606038
0.018676884	0.023292112		0.016247871	0.021219265		0.016739174	0.021191846		0.015880498	0.021049574		0.015684956	0.022129317
0.016677769	0.023962926		0.016110034	0.0228883		0.016980982	0.021187241		0.015856342	0.02019072		0.018946863	0.0202953
0.016850689	0.019823895		0.016532508	0.020031116		0.017223976	0.019567508		0.015913478	0.019998148		0.016777456	0.019822164
0.017052519	0.021779777		0.015737178	0.022750527		0.015891517	0.019277511		0.01576526	0.020000813		0.016149101	0.020187594
0.016399869	0.019730877		0.016292613	0.019805211		0.016066401	0.022408606		0.015196801	0.019597796		0.015784821	0.022347496
0.016103553	0.023530502		0.016758359	0.020687763		0.016620405	0.023066062		0.015742428	0.024825984		0.016218348	0.021126754
0.016053766	0.021381387		0.015400026	0.021046001		0.016957179	0.023326576		0.015905862	0.019306067		0.016264408	0.019368704
0.0161168	0.020353282		0.016625937	0.024529279		0.016924476	0.02139816		0.015377195	0.021162173		0.016058357	0.020183202
0.016336917	0.0210982		0.015372713	0.025440362		0.016796241	0.022805488		0.014944822	0.019583442		0.015815265	0.021254266
0.016443161	0.020045793		0.015502443	0.01994853		0.016604396	0.021333818		0.014015678	0.019764046		0.01574936	0.021072399
0.016936852	0.019929158		0.014836478	0.019579365		0.015638372	0.019617164		0.014371631	0.019816767		0.014893447	0.019580526
0.015567074	0.019798007		0.015100169	0.020804043		0.016287111	0.021727774		0.014834703	0.019409718		0.015445794	0.019525546
0.01560202	0.024218414		0.014834972	0.019702041		0.01573111	0.019345021		0.013918373	0.02049319		0.014774878	0.020450637
0.015761246	0.019639299		0.015367163	0.019232922		0.015263343	0.019124019		0.014315379	0.019451662		0.015280269	0.021002321
0.014873695	0.019833976		0.014577048	0.019973616		0.015923003	0.026781244		0.014717663	0.01886473		0.01666803	0.019568665
0.016899493	0.020576315		0.014984883	0.021577492		0.016872174	0.02119603		0.013655717	0.020120717		0.015168167	0.019558472
0.015403981	0.019667844		0.015223272	0.020510923		0.017054845	0.025096909		0.015058124	0.019795727		0.014746725	0.030796624
0.01519952	0.019369243		0.015806177	0.019782766		0.016928267	0.020513001		0.014384408	0.019999046		0.015371237	0.019223782
0.015832187	0.024511563		0.01488131	0.019571923		0.015724526	0.019926954		0.014556082	0.020502637		0.013863069	0.020855258
0.014858636	0.019819233		0.015021646	0.021779995		0.015135306	0.019612501		0.013570052	0.022805462		0.015130379	0.019791864
0.014561811	0.020173618		0.014633056	0.019066823		0.014552307	0.020477174		0.014971195	0.020196189		0.014287823	0.022717013
0.015238588	0.02153671		0.014788281	0.020407314		0.015068787	0.020900633		0.014319948	0.019231		0.014566979	0.019605057
0.014712141	0.019895986		0.014421214	0.021317095		0.015245861	0.022416636		0.014157109	0.021573084		0.014418593	0.019289868
0.014920988	0.021474014		0.014683546	0.019302831		0.015066121	0.020627312		0.013774517	0.019046054		0.014038865	0.0196883
0.014680661	0.019645766		0.014323281	0.02166414		0.015123492	0.019748727		0.014072712	0.018785059		0.015143381	0.021942622
0.014596082	0.024544279		0.013763986	0.01936321		0.015058991	0.019040821		0.013640969	0.018917631		0.014633894	0.019606259
0.016097429	0.020612573		0.014494118	0.019790648		0.015016287	0.019695858		0.013229111	0.020647561		0.013660015	0.02046315
0.014568013	0.019463826		0.014514393	0.021879456		0.015271293	0.019689572		0.013691954	0.019078771		0.015034282	0.019341156
0.014753981	0.019976241		0.014054959	0.01996353		0.015008627	0.021372373		0.013771106	0.019211378		0.013749572	0.01940109
0.014602976	0.019338779		0.014342004	0.020637294		0.01518049	0.019801359		0.013568284	0.019196481		0.013898984	0.026260891
0.014415749	0.019563576		0.014111271	0.019852763		0.013817059	0.020110271		0.01402945	0.01925944		0.014283166	0.019617635
0.014492834	0.019646097		0.014269477	0.021226234		0.01504903	0.019100902		0.013229621	0.019183075		0.013513827	0.020202685
0.014423338	0.019589114		0.013282478	0.019396691		0.014544353	0.019536597		0.012842812	0.020322522		0.013050649	0.019403019
0.014415505	0.020747032		0.013467957	0.020308844		0.014181009	0.019619966		0.012681708	0.02062283		0.014051034	0.022074987
0.013703942	0.019586122		0.01324196	0.019761487		0.013903606	0.019669696		0.012724832	0.019337469		0.013474617	0.019761852
0.013840765	0.020647805		0.013584101	0.019948513		0.014026354	0.019135659		0.012694104	0.019370674		0.013481939	0.019287491
0.014084826	0.019580201		0.013600258	0.020490713		0.015205514	0.020481582		0.014068445	0.020754406		0.012916906	0.019168529
0.013394223	0.019596247		0.013829938	0.019504316		0.013457613	0.019226616		0.012591323	0.018941695		0.013406018	0.021030352
0.01411137	0.01914038		0.012906856	0.020038122		0.014016556	0.021045801		0.012538306	0.021874088		0.012872875	0.01959661
0.013679652	0.02031577		0.01355015	0.019484776		0.013557534	0.019667545		0.012683008	0.019234865		0.013300007	0.028811465
0.014023806	0.021598927		0.012738205	0.019544202		0.014114679	0.019305792		0.012432659	0.018854485		0.014088323	0.019258348
0.013521296	0.019480361		0.013158897	0.019963896		0.014146606	0.021068858		0.012224741	0.020053674		0.013035182	0.019760838
0.013207068	0.019167058		0.013381035	0.019120961		0.013793234	0.019981596		0.012296575	0.01915569		0.012720441	0.020642835
0.013166269	0.019534577		0.012909299	0.01932341		0.013801311	0.019006667		0.012610822	0.019060288		0.012516161	0.019358842
0.013522137	0.01938699		0.012917757	0.019578955		0.013405622	0.020788523		0.012096512	0.018536597		0.012676807	0.019395958
0.0137806	0.020902945		0.012928099	0.019767359		0.013212552	0.019547767		0.01254846	0.018612214		0.012598599	0.019369327
0.013500097	0.01905021		0.012528762	0.019542043		0.013312323	0.019208529		0.012193731	0.018746146		0.012367599	0.020100001
0.013664167	0.019291231		0.012858162	0.019405824		0.013191295	0.018820378		0.012145015	0.019110432		0.012801019	0.018892799
0.012884733	0.019626313		0.012552953	0.020080286		0.013277341	0.019229893		0.012019291	0.018729888		0.012389375	0.019617033
0.012995193	0.019300566		0.012747012	0.019816007		0.013126162	0.019218847		0.011893717	0.018720845		0.012992558	0.019875923
0.013206643	0.023530847		0.012638971	0.019387504		0.01302568	0.019037857		0.013455543	0.019556031		0.013509749	0.019198596
0.013776127	0.019408208		0.01224483	0.019278441		0.01280938	0.01899447		0.011890123	0.018416995		0.012634693	0.019740184
0.012796867	0.019591585		0.012698067	0.019349246		0.012757719	0.018594483		0.011361828	0.018574716		0.012289554	0.01944187
0.012790584	0.019394327		0.012300371	0.019403719		0.012885131	0.019403028		0.011740331	0.018675704		0.012385518	0.02106233
0.013067228	0.01932501		0.012198424	0.019677975		0.012741618	0.018912061		0.011323279	0.018829702		0.012507226	0.019958036
0.012294308	0.018925713		0.011934129	0.019519309		0.012846097	0.019428403		0.011932589	0.018852435		0.012114365	0.019303686
0.01240629	0.019519825		0.0123717	0.01915526		0.012362424	0.019104801		0.011177592	0.018796925		0.01205602	0.019424137
0.012451665	0.021945454		0.011779131	0.019961838		0.012823929	0.019444198		0.011247162	0.01863436		0.012187337	0.020683569
0.012490529	0.019143633		0.012048128	0.02029972		0.013100128	0.019117499		0.011824326	0.019816373		0.012222343	0.019525276
0.012857496	0.021028738		0.012305536	0.019162984		0.012700182	0.018798706		0.011698177	0.018958097		0.011830414	0.018934445
0.013360425	0.02032111		0.012572096	0.020490643		0.012843659	0.018877381		0.011414938	0.019936955		0.012099177	0.019166862
0.012614548	0.019086926		0.01205551	0.020445588		0.012431308	0.019599067		0.011561019	0.018471243		0.011912301	0.018990443
0.01211361	0.019173359		0.011934861	0.020495932		0.012410596	0.018920604		0.010988162	0.018797893		0.011687036	0.019117813
0.012265689	0.020691136		0.011663374	0.019170888		0.013140648	0.020945072		0.010841999	0.019243362		0.011659567	0.019084952
0.012501847	0.022111722		0.01199955	0.019616637		0.012401836	0.018953315		0.011040102	0.018658008		0.011682091	0.019468326
0.011888631	0.02002763		0.011895633	0.020908276		0.012572589	0.019124531		0.010829453	0.018756458		0.011855924	0.01913637
0.011924638	0.019148233		0.011704811	0.019824237		0.012378277	0.020305537		0.011117185	0.018932009		0.011876764	0.018899593
0.012128854	0.019446104		0.011529196	0.019206387		0.012621065	0.018803783		0.011128797	0.018900889		0.011408324	0.020770569
0.012029863	0.018831012		0.011588261	0.019745293		0.012046756	0.019199893		0.011440489	0.019088222		0.012338345	0.018854765
0.012275159	0.022214685		0.01135786	0.019568814		0.012135387	0.019067608		0.010731083	0.018656047		0.011598749	0.018823691
0.012405817	0.022250824		0.011346377	0.020260723		0.013050739	0.019992314		0.011020085	0.019029806		0.01129919	0.020572177
0.012368407	0.019429926		0.011638295	0.01914328		0.012803409	0.019144854		0.010811201	0.018351537		0.011738689	0.018688638
0.011564369	0.019454631		0.011361252	0.019525448		0.01181096	0.018648119		0.010766429	0.018814175		0.011003312	0.018984204
0.01133909	0.019082802		0.011254759	0.019417059		0.011845372	0.02024021		0.010920575	0.019297728		0.011303323	0.019558936
0.011631839	0.018711658		0.011313431	0.01931852		0.011802642	0.019729737		0.010869823	0.020481152		0.010938766	0.018663479
0.01170763	0.018883429		0.011098458	0.019732826		0.011968423	0.018880888		0.01045387	0.01873939		0.010978868	0.019114634
0.012078966	0.019295308		0.011465481	0.020121356		0.011772575	0.01958107		0.010767402	0.018504696		0.011552757	0.019116026
0.011616767	0.019080607		0.011592757	0.018796424		0.012023329	0.018942498		0.010584942	0.018809742		0.011114791	0.0190541
0.011357341	0.019315256		0.011247659	0.019143923		0.011674931	0.019581626		0.01060149	0.019031234		0.011104858	0.018792309
0.011475034	0.019533806		0.011052856	0.019039363		0.011725846	0.01899672		0.010443736	0.019117261		0.011103598	0.019292047
0.011512416	0.019122443		0.011044869	0.018786408		0.01196601	0.020260906		0.010575981	0.018716561		0.010784218	0.018968595
0.011481109	0.019366663		0.010830951	0.019137208		0.011795765	0.018877162		0.010441756	0.018448094		0.010865522	0.019240897
0.011441982	0.019168406		0.010878828	0.01933813		0.011540813	0.019732409		0.010187723	0.018705675		0.010759809	0.018763428
0.011181602	0.019843995		0.010940683	0.019160429		0.011599718	0.019031585		0.010630167	0.018684712		0.010605968	0.018683002
0.011063829	0.019109306		0.01087304	0.018894226		0.011376976	0.018988422		0.010189156	0.018509602		0.010749517	0.01901981
0.011044785	0.018960502		0.010686671	0.019716586		0.011369138	0.018704273		0.010276039	0.018906987		0.010691753	0.019130616
0.011090184	0.019560676		0.010789027	0.019273004		0.011462881	0.019009268		0.010155117	0.018908883		0.010792099	0.021047713
0.011118892	0.019212019		0.010741157	0.019315268		0.011497823	0.018766964		0.010185276	0.018775708		0.010915533	0.018838107
0.011129116	0.019455523		0.010343509	0.019852246		0.011357102	0.019993894		0.010350639	0.01900311		0.010943002	0.019177423
0.011151107	0.01936028		0.010507673	0.019056185		0.011320882	0.018864613		0.010028325	0.018544575		0.010800157	0.019040627
0.011069701	0.019276555		0.010361884	0.019057287		0.011456086	0.019018193		0.010115163	0.019238357		0.010711716	0.019295925
0.010795238	0.019750513		0.010398749	0.020481404		0.011564152	0.019527235		0.010265741	0.019149066		0.010566366	0.019244683
0.011116072	0.018958991		0.010373751	0.019494819		0.010988014	0.019113931		0.009870091	0.018907254		0.010458598	0.018921764
0.01086924	0.018769878		0.010449028	0.019019993		0.01120497	0.018826441		0.010054848	0.018952234		0.010385186	0.019022331
0.01072406	0.018559543		0.010411601	0.020582898		0.011111118	0.018975431		0.009876778	0.018759772		0.010545924	0.018816327
0.010908542	0.019086459		0.010508865	0.019587197		0.010976728	0.019338329		0.009926689	0.018887924		0.010259138	0.019051854
0.010772119	0.018978195		0.010373464	0.019289254		0.011010887	0.019183232		0.009776297	0.01919722		0.010176351	0.018603735
0.010621204	0.019134163		0.010308525	0.019170623		0.011048498	0.018770183		0.009912284	0.018716004		0.010154724	0.018721647
0.010555253	0.018900852		0.01031944	0.019555997		0.011155385	0.019042632		0.009760254	0.018629392		0.010188709	0.018894705
0.011490565	0.018963299		0.009999141	0.019187041		0.010906053	0.019759297		0.010057561	0.020528738		0.010172892	0.018828346
0.010744187	0.019776944		0.010205839	0.019153913		0.011148614	0.018889073		0.009764025	0.018717884		0.010145537	0.019400144
0.010452663	0.019731068		0.01009271	0.019258245		0.011113746	0.018919008		0.009784784	0.018802079		0.01024485	0.018749564
0.010458009	0.018926518		0.010011227	0.019027542		0.01067814	0.018585423		0.009555843	0.018760211		0.010075188	0.018771108
0.010483681	0.018914007		0.01006308	0.019560802		0.010823533	0.018697915		0.009629251	0.018934913		0.009919417	0.019074059
0.010340785	0.019009091		0.010032851	0.01897004		0.010609592	0.018991601		0.009430694	0.018972668		0.010084045	0.018898321
0.010489683	0.019378767		0.010074651	0.019299138		0.010564164	0.018338593		0.009469793	0.01886041		0.010016975	0.018935088
0.010512883	0.019313546		0.009919905	0.019071513		0.010764235	0.019265125		0.009758507	0.018697859		0.009915699	0.018853717
0.01044181	0.019136037		0.009872432	0.019195941		0.010660437	0.018934392		0.009638436	0.018319473		0.009911528	0.019501117
0.010416977	0.019008065		0.009803873	0.019203693		0.010687767	0.018791692		0.009457519	0.018710101		0.010356758	0.02021414
0.010254338	0.018798727		0.00972768	0.01907631		0.010823755	0.019104826		0.009492331	0.018381191		0.0099464	0.018448438
0.010256601	0.018706691		0.009983414	0.019055234		0.010621464	0.018763745		0.009300818	0.019281295		0.009786309	0.019351282
0.01015232	0.018498915		0.009782183	0.018969226		0.010481066	0.018878377		0.009210004	0.018922392		0.009886566	0.018754059
0.01035529	0.019656922		0.009646555	0.019528082		0.010498653	0.018725721		0.009202813	0.01855441		0.009627033	0.01869475
0.010175221	0.018829821		0.00980003	0.019126103		0.010409462	0.020285354		0.009127455	0.018814042		0.009790923	0.018690051
0.010059631	0.019055364		0.009609555	0.019558595		0.010559532	0.018733213		0.009164013	0.018682111		0.009582841	0.018791809
0.010287476	0.019502214		0.009641821	0.019665677		0.010282682	0.018963779		0.009160479	0.01887461		0.009493309	0.018702999
0.010126973	0.018929894		0.00945812	0.019082112		0.010613036	0.018946707		0.009104574	0.018740233		0.009728533	0.019624752
0.009950546	0.018736248		0.009613334	0.018940857		0.010279104	0.018764249		0.009216826	0.01851901		0.009901014	0.018955404
0.009922525	0.0197347		0.009556792	0.019104569		0.010132508	0.019335944		0.009076501	0.018878168		0.00953291	0.018644956
0.009988666	0.018744694		0.009315888	0.019428154		0.010296169	0.019436613		0.009097322	0.019211861		0.009513533	0.018858953
0.009754904	0.019018257		0.009559881	0.019687603		0.010433142	0.018975589		0.00920392	0.018795884		0.009337451	0.018816435
0.010002523	0.019217718		0.009350706	0.019069375		0.010303821	0.018757902		0.009097717	0.01891942		0.009728313	0.018709977
0.009872229	0.018903753		0.009357078	0.018749342		0.010110445	0.01908244		0.008913057	0.018770945		0.009304475	0.018634702
0.009848385	0.019030111		0.009288719	0.018961844		0.010131455	0.019258491		0.008925954	0.018646936		0.009321162	0.019026535
0.009670966	0.019267005		0.009049733	0.018919478		0.010164527	0.018944719		0.009016966	0.019071334		0.009330984	0.018533054
0.009602946	1.88E-02		0.009393311	0.019144307		0.010116149	0.019072525		0.008937054	0.018910551		0.009255321	0.019023189
0.009786878	0.019769617		0.009204957	0.019089132		0.009978006	0.01867028		0.008880138	0.01856528		0.00928169	0.018634621
0.00990864	0.019959098		0.009118379	0.019175131		0.010038753	0.019911437		0.00878079	0.019054114		0.009516712	0.019304667
0.009847395	0.019036894		0.009209715	0.018968909		0.009889842	0.018949597		0.009013387	0.018851416		0.009247488	0.018688942
0.009639992	0.018462577		0.009177139	0.01909786		0.00992653	0.019104582		0.008768198	0.019106678		0.009311207	0.018421244
0.009605751	0.018924987		0.009196745	0.019118531		0.010075245	0.018844373		0.008947832	0.018871007		0.009168665	0.018665861
0.009578537	0.019252167		0.009172987	0.019094043		0.010063283	0.019463193		0.008741659	0.018704215		0.009095664	0.018660827
0.009489698	0.019017711		0.009149439	0.019136095		0.009897751	0.018944281		0.008911606	0.018638831		0.009125	0.018849881
0.00953463	0.019105591		0.009063432	0.019343881		0.010024579	0.01872885		0.008692334	0.018767746		0.009251639	0.018554167
0.00946375	0.018690086		0.009088866	0.019239657		0.009632338	0.018681755		0.008637772	0.018681824		0.0091638	0.019110821
0.009366794	0.018873651		0.009044962	0.019022206		0.009686889	0.018730684		0.00850993	0.018721196		0.009017153	0.018811635
0.009322935	0.018932013		0.009060023	0.01944531		0.00976877	0.018769227		0.008566439	0.01886577		0.009040638	0.018803918
0.009379308	0.019031737		0.009008726	0.019167668		0.009799199	0.0188924		0.00862243	0.018984494		0.009016556	0.019094501
0.009394305	0.018927541		0.008874151	0.019237399		0.009657313	0.018688909		0.008520582	0.018760942		0.008978725	0.019036599
0.009439625	0.018779037		0.008825483	0.019338273		0.009772026	0.018842295		0.008680039	0.018701984		0.008969258	0.018912492
0.009284469	0.018926972		0.008807154	0.019031473		0.009741468	0.018726195		0.008599842	0.018671685		0.008963444	0.018850137
0.00933498	0.018938859		0.008994725	0.019043866		0.009808963	0.019416345		0.008484774	0.018719554		0.009002665	0.018948737
0.009169596	0.019561823		0.009029373	0.01892405		0.0096442	0.018629815		0.008427806	0.018974403		0.008923699	0.018655602
0.009197913	0.01903705		0.008723731	0.019102004		0.009614055	0.019029819		0.008399912	0.018388342		0.008940102	0.018793138
0.009143664	0.019126656		0.008617777	0.019162597		0.009483057	0.018497918		0.008377747	0.018744327		0.008827979	0.019241885
0.009155051	0.019118426		0.008570939	0.019527788		0.009536402	0.018689426		0.008388183	0.018482291		0.009093357	0.019061445
0.009002371	0.019063873		0.008864296	0.018938266		0.009548345	0.018674844		0.008339908	0.018469232		0.008827812	0.019018213
0.009070462	0.019174567		0.008829776	0.01898692		0.00941864	0.018789847		0.008326406	0.01877546		0.008791576	0.018768469
0.00917959	0.019479113		0.008730804	0.019041085		0.009542952	0.018654232		0.008520844	0.018510868		0.00871181	0.018870888
0.009215584	0.019058896		0.009008328	0.019391303		0.009425072	0.018643095		0.008335853	0.018938678		0.008761709	0.019541894
0.00923601	0.018621099		0.008790568	0.01927557		0.009299063	0.018739261		0.008406487	0.018870457		0.008706462	0.018437991
0.009032335	0.018875894		0.008656061	0.019515013		0.009442562	0.018895327		0.008440003	0.018736776		0.008822028	0.018689132
0.009159708	1.89E-02		0.008514436	0.019283481		0.009339336	0.018934342		0.008209137	0.018598185		0.008623632	0.019029476
0.009159645	0.018931021		0.008581776	0.019144008		0.009351235	0.018968565		0.008208889	0.018792767		0.008640293	0.01878271
0.008856742	0.018864232		0.008675981	0.019429499		0.009250404	0.018831718		0.008107907	0.019022229		0.008686423	0.018699874
0.008949808	0.018540428		0.008479555	0.019027977		0.00922542	0.018893656		0.008137882	0.018659036		0.008624848	0.01870236
0.00903755	0.019019595		0.008494912	0.019097893		0.009523261	0.018961962		0.0081941	0.018732919		0.008528705	0.018884996
0.009024119	0.018709322		0.008515659	0.018989548		0.009148862	0.018955139		0.008162766	0.01865811		0.008527335	0.019028297
0.00906414	0.018840524		0.008397001	0.019087711		0.009147834	0.01889684		0.008057103	0.018892897		0.008626853	0.018847423
0.008864231	0.018654489		0.008522079	0.018888307		0.009278871	0.018921197		0.008078203	0.018862585		0.00844828	0.018768167
0.008800134	0.01879481		0.008318765	0.019439408		0.009230205	0.018761221		0.008057042	0.01878787		0.008569308	0.018743065
0.008834477	0.019092538		0.008532073	0.019023491		0.009141221	0.018642504		0.007937486	0.01864768		0.008532122	0.018690492
0.008848997	0.018902225		0.008371416	0.019282455		0.009154648	0.01904983		0.00796755	0.018983304		0.008432308	0.018712935
0.008684805	0.01901313		0.008273897	0.019152068		0.009189506	0.018650926		0.008034326	0.018586504		0.00841259	0.018662177
0.008706	0.018968858		0.008296936	0.019205028		0.00909862	0.01874054		0.007901954	0.01872957		0.008348888	0.018569466
0.008623489	0.018929869		0.008290592	0.018957062		0.00904181	0.018886638		0.007932203	0.018583006		0.008427458	0.018947151
0.00860682	0.018956544		0.008292606	0.019135045		0.008994061	0.01866563		0.007977067	0.018382648		0.008436551	0.018728264
0.008574063	0.019102251		0.008103816	0.018898474		0.008937069	0.018417809		0.007901287	0.018691422		0.008367305	0.018798972
0.008617119	0.018762646		0.008135022	0.018925773		0.008908219	0.018556118		0.007927279	0.018547855		0.008341293	0.018758636
0.008647695	0.01933574		0.008301282	0.018997659		0.008972695	0.018734267		0.007898195	0.018408097		0.00839969	0.019033416
0.008617904	0.018927225		0.008234802	0.019224436		0.008936534	0.018557742		0.007869942	0.018607661		0.008350107	0.018993641
0.008658499	0.019188218		0.008106381	0.019080575		0.008984755	0.018959889		0.007842561	0.018580259		0.008405987	0.01861703
0.008539149	0.019001071		0.008133967	0.019017766		0.008886048	0.019400301		0.007799528	0.018833026		0.008239542	0.018930081
0.008580835	0.018952016		0.0082363	0.01940477		0.009094831	0.018818712		0.007831709	0.018542872		0.008213403	0.018820631
0.008477859	0.018919056		0.008183318	0.019007086		0.008981067	0.0187914		0.007737867	0.018539378		0.008285717	0.018890112
0.00839801	0.018845649		0.008134527	0.019114873		0.008780726	0.018514156		0.00778694	0.018767761		0.0082008	0.018985612
0.008518149	0.019134304		0.008076711	0.018913381		0.008830411	0.018679749		0.007790006	0.018743419		0.00826224	0.018680358
0.008424573	0.018929577		0.007993575	0.019201675		0.008829285	0.018840849		0.007743047	0.018711877		0.008136201	0.018999443
0.008377211	0.018830684		0.008070809	0.018905987		0.008953215	0.018787483		0.007716547	0.018525284		0.008123484	0.018910553
0.008308792	0.018800576		0.008045313	0.019217123		0.00874477	0.018944897		0.007660541	0.018542037		0.008209812	0.018989929
0.00831873	0.019183326		0.008100168	0.019323545		0.008908043	0.018779319		0.007782516	0.018511754		0.008143148	0.018768214
0.008490513	0.018861326		0.008063074	0.018990671		0.008829738	0.018678048		0.007659207	0.018573355		0.008152286	0.018720671
0.008355258	0.018816432		0.007976664	0.018885191		0.008888937	0.019011867		0.007652277	0.01855032		0.008098141	0.018619448
0.008464662	0.018863914		0.007898307	0.019168713		0.008838127	0.018565886		0.007617479	0.018645211		0.008247013	0.018844808
0.008346767	0.018931488		0.007877927	0.019328909		0.008775406	0.018681795		0.007562356	0.018359775		0.007977733	0.018550661
0.008187932	0.018886293		0.007930629	0.019142026		0.008616623	0.018731746		0.007598428	0.018458809		0.008109347	0.018914845
0.008252974	0.019067512		0.007977539	0.019007292		0.008697877	0.018949223		0.007540791	0.018770081		0.008078894	0.018700839
0.008385261	0.019201496		0.007799691	0.019343818		0.008659929	0.018845985		0.007581162	0.018505294		0.008164625	0.018929985
0.008240237	0.019105902		0.00790822	0.019344731		0.008627876	0.018544004		0.007586095	0.018578743		0.00801755	0.019082771
0.008225401	0.019464975		0.007848544	0.019296177		0.008589098	0.01906852		0.007504246	0.019058551		0.008003137	0.018992605
0.008194088	0.018820579		0.007792577	0.019035255		0.0087199	0.018843446		0.00760315	0.018502754		0.008062057	0.018649699
0.008310695	0.018918219		0.007794878	0.018952151		0.008659487	0.018540195		0.007546127	0.018710605		0.007914537	0.018691856
0.008187103	0.01903658		0.007815431	0.019229765		0.008619315	0.019203379		0.007541007	0.018708456		0.007997337	0.018529344
0.008168724	0.018915296		0.007701555	0.019419168		0.008540353	0.01908183		0.007534345	0.018621717		0.00807563	0.018708518
0.008133942	0.018942286		0.00760798	0.01904194		0.008572767	0.0190087		0.007456885	0.018667752		0.008031455	0.018714807
0.008239358	0.018920913		0.007764999	0.019222611		0.008647744	0.018506341		0.007356287	0.018704391		0.008113241	0.01887755
0.008096154	0.01881938		0.007665145	0.019273505		0.008496525	0.018571849		0.007512196	0.018858306		0.00777454	0.018715198
0.008157317	0.018835773		0.007702981	0.019262604		0.008592416	0.018654567		0.007441095	0.019062208		0.007955146	0.019076195
0.008106078	0.019078972		0.007684411	0.018952425		0.008580654	0.01880925		0.007627909	0.018803184		0.007952843	0.018719437
0.008007975	0.018790363		0.007777208	0.019248821		0.008619364	0.018674738		0.007400193	0.018905216		0.007836843	0.018551279
0.008095758	0.018998591		0.007602275	0.019231774		0.008614852	0.018777107		0.007373132	0.018712694		0.007834365	0.018634066
0.008048804	0.018987453		0.007598111	0.018896836		0.00840709	0.018940857		0.007418474	0.018629019		0.007863792	0.018794765
0.00791639	0.01894487		0.007648032	0.019117023		0.00835735	0.019019235		0.007354807	0.018645695		0.00782383	0.018759743
0.008078104	0.018828889		0.007627425	0.018956958		0.00847109	0.018661986		0.007379647	0.018619437		0.007870777	0.018675407
0.00823895	0.018672586		0.007535388	0.018899033		0.008423354	0.018636706		0.007338235	0.018579541		0.007873078	0.018558626
0.008039678	0.018785468		0.007562653	0.01931765		0.00836708	0.019028478		0.007368999	0.018520817		0.007696195	0.018889719
0.00805408	0.01935133		0.007640614	0.019171905		0.008402134	0.018850878		0.007340956	0.018625228		0.007689047	0.018788578
0.008015363	0.018979677		0.007549953	0.018804978		0.00837028	0.018919301		0.007319559	0.018718298		0.007722884	0.018897632
0.007935231	0.019345454		0.007486126	0.019025786		0.008367573	0.018663147		0.007288984	0.018503982		0.007686173	0.018778687
0.007914713	0.019156173		0.007555986	0.019246348		0.008359547	0.018703929		0.007257978	0.018712871		0.007741407	0.018695659
0.008047329	0.018922278		0.007594344	0.019421039		0.008592778	0.018708809		0.007207845	0.018839841		0.007683464	0.018633337
0.007822396	0.018858216		0.007549995	0.019081887		0.008401468	0.018788665		0.007222176	0.019031574		0.007686289	0.018791246
0.007932942	0.01913874		0.007461357	0.018924498		0.00837804	0.018662379		0.007291379	0.018677973		0.007626621	0.018755461
0.007863637	0.018948078		0.007441559	0.019040749		0.00827035	0.018819633		0.007325354	0.018625062		0.007760349	0.018766676
0.007946058	0.018966686		0.007445881	0.0189107		0.008407856	0.018843827		0.0071665	0.018793977		0.00765056	0.018704036
0.00793329	0.018908158		0.0073316	0.019103781		0.008341908	0.018937091		0.007253817	0.018692791		0.007618478	0.018832096
0.007932853	0.018940287		0.007388609	0.019162311		0.008259181	0.01892648		0.007273665	0.018518962		0.007732244	0.018692846
0.007878208	0.018970414		0.007330222	0.01928063		0.008275822	0.018813283		0.007146737	0.01840752		0.007627975	0.018703926
0.007816763	0.018760959		0.007473389	0.019161141		0.008202926	0.01885327		0.007213382	0.018792359		0.007644405	0.018649138
0.007811738	0.019188424		0.007468938	0.01909174		0.008178859	0.019117191		0.007165509	0.018770916		0.007611672	0.018720002
0.00784764	0.018718085		0.007453806	0.018916976		0.008150414	0.018969606		0.007195114	0.018903693		0.00761121	0.018728921
0.007802115	0.019244009		0.00748784	0.018826008		0.00823059	0.018721864		0.00714896	0.018579674		0.007568265	0.01888869
0.007669911	0.018656256		0.007306052	0.019176603		0.008123216	0.018660122		0.007148879	0.01864122		0.007525371	0.018964317
0.007703178	0.019052883		0.007407056	0.019474182		0.008185957	0.018808826		0.007137738	0.018823808		0.007595899	0.018818478
0.007757388	0.018910485		0.007251893	0.018988706		0.008220689	0.018651077		0.007121379	0.018807832		0.007485239	0.018698984
0.007680558	0.01888991		0.007321219	0.018979219		0.008173428	0.018884665		0.007092997	0.018762984		0.007499552	0.018810655
0.007819932	1.89E-02		0.007263833	0.019175976		0.008215305	0.018864541		0.007075262	0.018741059		0.007550968	0.018803025
0.007703145	0.018935162		0.007251311	0.019066772		0.008119371	0.018700794		0.007139123	0.01851294		0.007508762	0.018642099
0.007680931	0.019094755		0.007306052	0.019458664		0.008092166	0.018687724		0.007135696	0.01880685		0.007558088	0.0186904
0.007666126	0.018880644		0.007236474	0.019229569		0.008103675	0.018779935		0.00709082	0.018432579		0.007484858	0.018923786
0.007675421	0.019110268		0.007201274	0.018940219		0.008124789	0.018700709		0.007034443	0.018652353		0.007447103	0.018882061
0.007776834	0.019028666		0.007237678	0.019157815		0.008094558	0.01885752		0.00702864	0.018487962		0.007485615	0.018860062
0.007678524	0.019159506		0.007244392	0.018952001		0.008150703	0.018631704		0.007042357	0.018825918		0.007363377	0.018632792
0.007708728	0.018925728		0.007171605	0.018970951		0.008093632	0.018823463		0.006978762	0.018745094		0.007420191	0.01881527
0.007695583	0.018953931		0.007211656	0.018966818		0.008106869	0.018886902		0.007011768	0.01857643		0.007557454	0.018841451
0.007546359	0.019047334		0.007237404	0.019153709		0.007987601	0.018484669		0.006997455	0.018563674		0.007443085	0.018630801
0.007660177	0.018996623		0.007188827	0.019222002		0.008104115	0.019042429		0.007063267	0.018700739		0.007260796	0.018853428
0.007627156	0.018962945		0.007179811	0.019136312		0.007969691	0.019009473		0.006875706	0.018922434		0.007314057	0.018886038
0.007483067	0.018624399		0.007189587	0.019248917		0.007982592	0.018702727		0.006948674	0.018478471		0.007472341	0.018714268
0.007625638	0.019107715		0.007124142	0.019061762		0.00796658	0.018586842		0.006976162	0.018911049		0.007371394	0.0188472
0.007673263	0.018743652		0.007248565	0.01934353		0.008035716	0.01881477		0.00698189	0.018850844		0.007355772	0.018675225
0.007523594	0.019242769		0.007169923	0.018847748		0.007959911	0.018700875		0.006983847	0.018578534		0.007465123	0.01887467
0.007632987	0.019189328		0.007187423	0.019110937		0.007948396	0.018855275		0.006831294	0.018814337		0.007380331	0.01863941
0.007646615	0.01906656		0.00717873	0.019102318		0.007994104	0.01884655		0.006881824	0.018737621		0.007297048	0.018750902
0.007488668	0.018837176		0.007128447	0.019223293		0.007982264	0.018896911		0.006858403	0.018489107		0.007334862	0.018832335
0.007545286	0.018925497		0.007026041	0.019144566		0.007966146	0.018778154		0.006937403	0.018697417		0.007310204	0.01863604
0.007594002	0.019096247		0.007085723	0.019251169		0.007862962	0.018594906		0.006814442	0.018633237		0.007324877	0.018700498
0.007448798	0.019058214		0.00707722	0.019289359		0.007937156	0.018727064		0.006927432	0.018705601		0.00724601	0.018886709
0.007594848	0.018953812		0.007111923	0.019348406		0.007874676	0.018768183		0.006926511	0.018741446		0.007321447	0.018579845
0.007480166	0.018890904		0.007051356	0.019127781		0.007908222	0.018719956		0.006821857	0.018930386		0.007172465	0.018608283
0.007537033	0.019288142		0.007081676	0.018889127		0.007827222	0.018798832		0.006838728	0.01870191		0.007274359	0.018591527
0.00747681	0.0189155		0.007046125	0.018882802		0.007852992	0.018610539		0.006801611	0.018692471		0.007269377	0.018797106
0.00735599	0.018670887		0.007033056	0.018909908		0.007899558	0.018580385		0.006896739	0.018951858		0.00721111	0.018967318
0.007331986	0.018767632		0.006964097	0.018859082		0.007826599	0.018599183		0.006822679	0.018539601		0.007278529	0.018590061
0.007349631	0.019008406		0.006986698	0.019399613		0.007840716	0.019113014		0.006896729	0.018641101		0.007230506	0.018797001
0.007459551	0.019115295		0.006964356	0.019117069		0.007898997	0.018736434		0.006859961	0.018502181		0.007139439	0.018710592
0.007378966	0.019179672		0.006967066	0.019129712		0.007754929	0.018791343		0.006756671	0.018677945		0.007155326	0.018670971
0.007363641	0.018822681		0.007065833	0.019168107		0.007897102	0.018733625		0.006859391	0.018773004		0.007137857	0.019020926
0.007369829	0.018848118		0.006989573	0.019302801		0.007757386	0.018880063		0.006784409	0.018790204		0.007208067	0.018790833
0.007401016	0.019153982		0.006930373	0.019099205		0.007820711	0.01892564		0.006777785	0.018796423		0.007296265	0.018801344
0.007363913	0.019028545		0.006947138	0.019018275		0.007813974	0.018821255		0.006827542	0.018672499		0.007117492	0.01887173
0.007369774	0.018977478		0.006986991	0.019235996		0.007800647	0.01854077		0.00674927	0.018427192		0.007091102	0.018959318
0.007317386	0.018993344		0.006866696	0.019162925		0.007810881	0.019048323		0.006854574	0.018553541		0.007107656	0.018962939
0.007390387	0.019118366		0.006927467	0.019008571		0.00771989	0.018956185		0.006693188	0.018722908		0.00724535	0.018701364
0.00736437	0.019029759		0.006966279	0.019175859		0.007730395	0.018750114		0.00679273	0.018776496		0.007154999	0.01898644
0.007256426	0.018783157		0.006940323	0.019072365		0.007823148	0.018770587		0.006761136	0.018468565		0.007070394	0.018648046
0.007352214	0.018770542		0.006866431	0.018995997		0.007724087	0.018709529		0.006724752	0.018668846		0.007058254	0.018568122
0.007254509	0.018855294		0.006887219	0.018916642		0.007746306	0.018698487		0.006642501	0.018840713		0.007159457	0.018916901
0.007317176	0.018787723		0.006961596	0.01915598		0.007715362	0.018957315		0.00670914	0.018693024		0.007067977	0.018809529
0.007338592	0.018989782		0.006839565	0.019224296		0.007732511	0.0189294		0.006732649	0.018829747		0.007158961	0.018695295
0.007262946	0.019084474		0.006888682	0.019070772		0.007754093	0.018727132		0.006718547	0.018509383		0.007171517	0.01881139
0.00723185	0.019014289		0.006823172	0.01928218		0.007789613	0.018815896		0.006648042	0.018873424		0.007128649	0.018624652
0.007272566	0.019113994		0.006868146	0.018908756		0.007697688	0.018845069		0.006636473	0.018942839		0.006979624	0.018971546
0.007217101	0.018882823		0.006808349	0.018818425		0.007621325	0.018636758		0.00673251	0.018540995		0.007003432	0.018642112
0.007195821	0.018931746		0.006885973	0.019119717		0.007667951	0.019192422		0.006665545	0.018848705		0.007027774	0.018674497
0.007196703	0.018670417		0.006846682	0.018965586		0.007711008	0.018988919		0.006648542	0.018654069		0.007113424	0.018541827
0.007303715	0.019071575		0.006803351	0.019151532		0.007649607	0.018713722		0.006702279	0.018704862		0.00705461	0.018835326
0.007179229	0.019221844		0.006842965	0.019443771		0.007668951	0.019076291		0.006677612	0.018802846		0.007019039	0.018752836
0.007208692	0.018951725		0.006788372	0.019201444		0.007650869	0.018754585		0.00669493	0.018892511		0.00710443	0.018634054
0.007179065	0.019069056		0.006790994	0.018965555		0.007635762	0.018696506		0.006576196	0.018824466		0.006970408	0.018621627
0.007191742	0.018872275		0.006792048	0.019375661		0.007620433	0.018864714		0.006598189	0.018892505		0.007016076	0.018651111
0.007159766	0.018873721		0.006745783	0.018922718		0.007654725	0.018886005		0.006654915	0.018841705		0.007116671	0.018739045
0.007145111	0.018732867		0.00671683	0.019473535		0.007652461	0.018773648		0.006643599	0.018697663		0.007083416	0.018672583
0.007173806	0.018927518		0.006804393	0.019288312		0.007653978	0.018970563		0.006591268	0.018739415		0.007001936	0.018835526
0.007197206	0.018702634		0.006782218	0.019048199		0.007525975	0.019086102		0.006624654	0.018748904		0.006996199	0.019013861
0.007207696	0.019222894		0.006764204	0.019381518		0.007663059	0.01908838		0.006601512	0.018735287		0.007032409	0.01884786
0.007160771	0.018846703		0.006760801	0.019201462		0.007561854	0.018936587		0.006621932	0.018761425		0.007026866	0.018697802
0.007191331	0.018820444		0.006764827	0.019094959		0.007675236	0.018982086		0.006577765	0.018831271		0.006991155	0.018780592
0.007174851	0.018812598		0.00679044	0.019332883		0.007570864	0.018764864		0.006622308	0.018732546		0.007032227	0.019053802
0.007226699	0.018954429		0.006733368	0.019366758		0.007645414	0.018806824		0.006571078	0.01854703		0.00698427	0.018742557
0.007136993	0.01920723		0.006803492	0.019217641		0.007635997	0.018730642		0.006577569	0.018537578		0.006977346	0.018823263
0.007160044	0.019101989		0.006676718	0.019264203		0.007602438	0.018625007		0.006499452	0.018653651		0.007023416	0.018852664
0.007140751	0.018821376		0.006713262	0.019290415		0.007616395	0.018976997		0.006543905	0.01856792		0.006976924	0.018774393
0.007094286	0.018889956		0.006733031	0.019342809		0.007574439	0.018871857		0.006539706	0.018948762		0.006945458	0.018800283
0.007107138	0.018804518		0.006773484	0.019152835		0.007574707	0.018690924		0.006537844	0.019006656		0.007023191	0.018915703
0.007113928	0.019105874		0.006702691	0.019032205		0.007482652	0.018837828		0.006564942	0.01876314		0.006901723	0.01859514
0.007007023	0.018961565		0.006753056	0.019134905		0.007496623	0.018696829		0.006548165	0.018611348		0.006950621	0.018821946
0.007171293	0.019087517		0.006724103	0.01926098		0.007581219	0.018330117		0.006536275	0.018616566		0.006882192	0.018537396
0.007131431	0.018985695		0.006782393	0.019005068		0.007529414	0.018858923		0.006517158	0.018690874		0.006944635	0.018669277
0.007073603	0.018864609		0.006680382	0.019053086		0.007474606	0.018694854		0.00655489	0.01884797		0.006891621	0.018857093
0.007110741	0.018838334		0.006582021	0.019092047		0.007591918	0.019042881		0.006614873	0.0186843		0.006867871	0.018853194
0.007062602	0.019010743		0.006680934	0.019322892		0.007500546	0.018943734		0.00649615	0.018693815		0.006960542	0.01880462
0.007126697	0.019212318		0.006578985	0.019154957		0.007500217	0.018802678		0.006488315	0.018662457		0.006835509	0.018861436
0.007054501	0.019217652		0.006742862	0.019127121		0.007538678	0.018922157		0.006539361	0.018525853		0.006876521	0.018659246
0.007079898	0.018891357		0.006612918	0.019105319		0.007490729	0.018770228		0.00646908	0.018706568		0.006874223	0.018776111
0.00701713	0.018974389		0.006689265	0.019192416		0.007517056	0.018892653		0.006433101	0.018581036		0.006853181	0.018755742
0.00698744	0.018935482		0.006613141	0.019327107		0.007353171	0.018880224		0.006451251	0.018431499		0.00690899	0.018954197
0.00707692	0.01910021		0.006569216	0.018997626		0.007433225	0.01896233		0.006452388	0.018940083		0.006850003	0.018860655
0.006951127	0.01894964		0.006588039	0.019240247		0.007512742	0.019042206		0.0065228	0.018961743		0.006912927	0.018828177
0.00702474	0.019190163		0.006561032	0.019299741		0.007526154	0.019008542		0.00651148	0.018761379		0.006860121	0.018827103
0.007069541	0.019056412		0.006549441	0.019431952		0.007391719	0.018892307		0.006448458	0.018827481		0.006882479	0.018709967
0.007044402	0.019059369		0.006653576	0.019371266		0.007455676	0.018815132		0.006481815	0.018774947		0.006924603	0.018688129
0.0069386	0.018699524		0.006647253	0.019200062		0.007379032	0.018829276		0.006453108	0.018613155		0.006904174	0.018943815
0.007006034	0.018957656		0.006625355	0.018930729		0.007450564	0.018929742		0.006479231	0.018884767		0.006911793	0.018777743
0.00704593	0.019176605		0.006563396	0.019341734		0.007455226	0.018933632		0.006488954	0.018873303		0.006778432	0.018878278
0.006945227	0.0190212		0.006733207	0.019396144		0.007416206	0.018856833		0.006518291	0.018697488		0.006891633	0.018637698
0.0070031	0.018940111		0.006540247	0.019077058		0.007318307	0.018897292		0.006415957	0.018916143		0.006849258	0.018933013
0.00709794	0.019238634		0.0065837	0.019411453		0.007411678	0.018864618		0.006472109	0.018720038		0.006794677	0.018833373
0.006956373	0.018780325		0.006597663	0.019238087		0.007409029	0.018859444		0.006524064	0.018838734		0.006865218	0.018668484
0.00699214	0.019060215		0.006582598	0.019075632		0.0073746	0.018526257		0.006396726	0.018631971		0.00682534	0.018878315
0.006973358	0.01882467		0.006585979	0.019215546		0.007420157	0.018745984		0.006452699	0.018662543		0.006843013	0.018884479
0.00691089	0.018885612		0.006628619	0.019158314		0.007454138	0.018839201		0.006405567	0.018726379		0.006803039	0.018784868
0.006907927	0.019010298		0.006625484	0.019378657		0.007395703	0.018759518		0.006356329	0.018531222		0.006845743	0.018765661
0.006984774	0.019104888		0.00659779	0.019168437		0.007472382	0.018827593		0.006428655	0.018903449		0.006794794	0.018591832
0.006986075	0.0191383		0.006527379	0.019034928		0.007394102	0.018864683		0.0063777	0.018674491		0.006805715	0.018707954
0.006895692	0.018897876		0.006557431	0.019267116		0.007361645	0.018496653		0.006335687	0.018706206		0.006749162	0.018694106
0.006915	0.018874768		0.006536755	0.019285257		0.007409897	0.018650136		0.006453901	0.018675611		0.006776759	0.018704037
0.006831641	0.019163755		0.006442178	0.019106925		0.007325128	0.018798365		0.00638001	0.018915649		0.006728322	0.019101691
0.006937644	0.018861674		0.006561825	0.019195276		0.007370251	0.018524438		0.006339419	0.018820932		0.006738396	0.018811821
0.006960742	0.0189293		0.006444156	0.019380124		0.007381958	0.018814619		0.006387422	0.018724896		0.006740196	0.0190211
0.006926318	0.018925474		0.006524939	0.019041627		0.007362588	0.018704709		0.006389534	0.018835942		0.00678998	0.018854319
0.006867311	0.018808991		0.006548751	0.018979599		0.007359494	0.018621948		0.00634393	0.018674453		0.006782833	0.018722472
0.006918721	0.018776605		0.006502009	0.01900472		0.007288573	0.018683597		0.006350935	0.018793614		0.006752375	0.018803249
0.006933696	0.019128429		0.006511435	0.019092372		0.007343418	0.018574782		0.006340729	0.018810875		0.0067473	0.018869709
0.006889764	0.018803318		0.006489138	0.019114987		0.007393367	0.018762209		0.006334955	0.018590623		0.006705219	0.018771242
0.006902798	0.018820379		0.006480738	0.019336613		0.007332986	0.01891162		0.006357679	0.018878202		0.006795157	0.01878407
0.006926457	0.019217761		0.006449549	0.019438588		0.007253915	0.018752345		0.006351929	0.018662108		0.006763688	0.018715751
0.006912254	0.019196709		0.00645513	0.019395541		0.007372837	0.018644694		0.006310771	0.018856829		0.006746933	0.018651755
0.006808588	0.019093183		0.006519611	0.019189106		0.007361877	0.018697843		0.006327939	0.018623382		0.006764872	0.018726926
0.006896518	0.018914185		0.006506785	0.019417295		0.007284997	0.018843411		0.006388174	0.018644881		0.00667294	0.018940931
0.00684875	0.018707513		0.006438033	0.01917265		0.007358201	0.018878649		0.006451791	0.018774645		0.006724248	0.018933882
0.006896012	0.018991014		0.006555419	0.019299127		0.00725863	0.018966147		0.006367653	0.018613574		0.006704636	0.018757592
0.006849931	0.018874272		0.006463936	0.019410705		0.007282838	0.019025169		0.006351706	0.018774079		0.00671279	0.01884739
0.00683594	0.018766277		0.006453753	0.0192525		0.007285842	0.018925286		0.006354481	0.018813788		0.006639	0.019194199
0.006820932	0.019114817		0.006442664	0.019018329		0.007343903	0.018859917		0.00630369	0.018877048		0.006696886	0.01897148
0.006865017	0.019062487		0.006521025	0.01915552		0.007350916	0.018826153		0.006367774	0.018833775		0.006768455	0.018826585
0.006854102	0.018933067		0.006452757	0.01885906		0.007323731	0.018805647		0.006386248	0.018837288		0.006698084	0.01875329
0.006849343	0.018988292		0.006428554	0.019045262		0.007377719	0.018857718		0.006304949	0.018847317		0.006648348	0.018682772
0.006811449	0.018820581		0.006457584	0.019127926		0.007295272	0.019002587		0.006461473	0.018915554		0.006652817	0.018953023
0.006852521	0.019038524		0.006388249	0.019038745		0.007276541	0.018933653		0.006343087	0.018939065		0.006790216	0.01872735
0.006841688	0.019104508		0.006415287	0.01904739		0.007274875	0.018950629		0.006356474	0.018879466		0.006656297	0.018796008
0.006801184	0.019136283		0.006490963	0.019195203		0.007413894	0.018858346		0.006269949	0.018803143		0.006697907	0.018977751
0.006840364	0.019080637		0.006401351	0.01932876		0.007253828	0.018813982		0.006282674	0.018639926		0.006680714	0.019020914
0.006828962	0.0191221		0.006477169	0.019138896		0.007237558	0.018976168		0.006293435	0.018791885		0.00672083	0.018872821
0.006889238	0.019256421		0.006317608	0.019339058		0.007289854	0.018699998		0.00625337	0.018681211		0.006698478	0.018578593
0.006839279	0.019055418		0.00645787	0.018965588		0.007304031	0.01871656		0.006322951	0.018819614		0.006667579	0.018836451
0.006824348	0.019065946		0.006473783	0.019044981		0.00724611	0.018637366		0.006315408	0.018884765		0.006696419	0.018769926
0.006802068	0.01915748		0.006449913	0.01896605		0.007198646	0.018672905		0.006299237	0.018887634		0.006698226	0.018702764
0.006789568	0.019187764		0.006484855	0.01930141		0.007216958	0.019093324		0.006270702	0.018614477		0.006727697	0.018858956
0.006795124	0.019115542		0.006398599	0.01909405		0.007273445	0.018885996		0.006253465	0.018893378		0.006607978	0.018786062
0.006820506	0.019303599		0.006395742	0.019202814		0.00729388	0.018710671		0.006236943	0.01856031		0.006709838	0.018905019
0.006713978	0.018852004		0.006339606	0.019273088		0.007277028	0.018803416		0.006302656	0.018846694		0.006663666	0.018806908
0.006797455	0.018914813		0.006342543	0.019303502		0.007233027	0.018694821		0.006225233	0.018670403		0.006635229	0.018822115
0.006746507	0.01884995		0.006425534	0.019026359		0.007304777	0.018972212		0.006209739	0.018908604		0.006640937	0.018933918
0.006788622	0.018902765		0.006362496	0.019125912		0.007255218	0.018986364		0.006266243	0.01875838		0.006625597	0.018872616
0.006832884	0.019139171		0.006431888	0.019102568		0.007221804	0.018994651		0.006247828	0.018797131		0.006710611	0.018799182
0.006801586	0.019142141		0.006337894	0.019311087		0.007239479	0.018780135		0.006200268	0.018803851		0.006652282	0.018913407
0.006791815	0.018972949		0.006397864	0.019048198		0.00721372	0.018914462		0.006251912	0.018836689		0.006593028	0.018780751
0.006799047	0.019165231		0.006310357	0.019132921		0.007226331	0.018856638		0.006241136	0.018707021		0.006657923	0.018781047
0.006817639	0.019118919		0.006422522	0.01906499		0.007235196	0.018909489		0.006270707	0.018798778		0.006589024	0.019035588
0.006832309	0.018893855		0.006425325	0.019316079		0.007311111	0.018854969		0.006227844	0.018608646		0.006624636	0.018627865
0.006839676	0.018613795		0.006353006	0.019153281		0.00723987	0.018778896		0.006276454	0.018807528		0.006632689	0.018707348
0.00670956	0.019143306		0.006391653	0.019342091		0.007222447	0.019049943		0.006279505	0.018805905		0.006612822	0.018743603
0.006717153	0.019047378		0.006358682	0.019321782		0.007144871	0.018677326		0.006332401	0.018701752		0.006611174	0.019163029
0.006815631	0.018743005		0.00647521	0.019108079		0.007209498	0.0188688		0.006272266	0.018965772		0.006598411	0.018533852
0.006717718	0.019063955		0.006355152	0.019279661		0.007113374	0.018846858		0.006178047	0.018958907		0.006568133	0.01865746
0.006779938	0.01891905		0.006403734	0.019441664		0.007153329	0.019040078		0.006258955	0.018551407		0.006688943	0.018834547
0.006763055	0.019133998		0.006321202	0.019145013		0.007217826	0.019206659		0.00623175	0.018563673		0.006601419	0.018888809
0.00681602	0.019081131		0.006390505	0.019318388		0.007222019	0.019063704		0.006274898	0.01898032		0.00666385	0.018935202
0.006745694	0.01890097		0.006296702	0.019466085		0.007161873	0.018744821		0.006194009	0.019102372		0.006616646	0.018788453
0.006780409	0.018965815		0.006330979	0.019462042		0.007279634	0.018615091		0.006261092	0.018739564		0.006629797	0.019054902
0.006797648	0.018956697		0.006309769	0.018868385		0.007267365	0.019021858		0.006203388	0.018793878		0.006606392	0.018968766
0.006761769	0.018948084		0.006292368	0.01953166		0.007215177	0.018709728		0.006186896	0.018876106		0.006679421	0.018666233
0.006684456	0.01868315		0.006381324	0.018884578		0.00723508	0.018789259		0.006242586	0.018435151		0.006627964	0.018654721
0.006741991	0.019147894		0.006336233	0.019233101		0.007205695	0.018920275		0.006295971	0.018963265		0.006621314	0.018629589
0.00676079	0.019088849		0.006288326	0.019252649		0.007151883	0.019021864		0.006193748	0.018555061		0.006564935	0.018987393
0.006758396	0.019047229		0.006281958	0.019040099		0.007098804	0.018847391		0.006224871	0.018741006		0.006593506	0.018801616
0.006646442	0.018988466		0.006286917	0.019336759		0.007159432	0.019101391		0.006227661	0.018355377		0.006596588	0.018965939
0.006674996	0.019119789		0.006339172	0.019213168		0.007166207	0.019008581		0.006151249	0.018725735		0.006604764	0.018685991
0.006610564	0.019303719		0.006371528	0.01908328		0.007057816	0.019008149		0.00625547	0.01874988		0.006631616	0.018500321
0.006762928	0.019091058		0.006397378	0.019080882		0.007200898	0.018860959		0.006257015	0.018770083		0.006539506	0.018379543
0.006734423	0.018982079		0.006352136	0.018881531		0.007128969	0.019071571		0.006210681	0.018732994		0.006593553	0.018916531
0.006820786	1.89E-02		0.006305471	0.018973941		0.007229427	0.018635684		0.006211786	0.018741782		0.006613121	0.018721571
0.006709755	0.019287993		0.006281757	0.019374427		0.007157847	0.018695408		0.006244423	0.018547547		0.006604009	0.018950061
0.006814201	0.019020302		0.00629425	0.019077422		0.007239079	0.018739497		0.00620476	0.01864623		0.006534529	0.019043073
0.006682614	0.01908123		0.006308942	0.019020104		0.007205921	0.018754712		0.006157789	0.018670632		0.006504575	0.018904653
0.006672041	0.019067623		0.006283678	0.019386969		0.007248672	0.018786508		0.006185109	0.018614979		0.006533112	0.018814134
0.006687061	0.018848067		0.006291465	0.019156155		0.007142087	0.019066567		0.006199517	0.018586038		0.00657936	0.018789331
0.006685326	0.01916567		0.006267293	0.019208275		0.007158464	0.018886716		0.006145853	0.018623395		0.006516397	0.018859181
0.006630742	0.019091826		0.006261854	0.019040648		0.007159563	0.018904708		0.006192275	0.018609203		0.006528985	0.018524187
0.006646399	0.018695605		0.006328745	0.019028795		0.007167973	0.019178435		0.006150589	0.01872051		0.006600851	0.018893271
0.006717088	0.019122033		0.006347669	0.019196851		0.007137238	0.018791701		0.006170228	0.018760091		0.006538055	0.018710637
0.006810905	0.018843019		0.006340168	0.019147416		0.007113727	0.018813843		0.006161758	0.018884415		0.00657854	0.018823538
0.006672161	0.01898109		0.006300954	0.01898118		0.007130991	0.018974364		0.00617289	0.01890984		0.006621937	0.018770916
0.006612312	0.01888981		0.006319253	0.019210032		0.007080872	0.018741493		0.006198659	0.018877135		0.006545649	0.018868714
0.006608927	0.01914755		0.006285967	0.019198369		0.007163214	0.018838431		0.006171491	0.0186968		0.006575506	0.018927225
0.00670838	0.019177765		0.006311695	0.019128899		0.007150176	0.018941631		0.006138896	0.018656471		0.006509275	0.01885305
0.006676663	0.019131716		0.006282683	0.01908149		0.007151468	0.018903249		0.006163717	0.018709897		0.006599481	0.018677989
0.006628086	0.019085507		0.006306605	0.019165902		0.007138353	0.018984139		0.00619285	0.018799384		0.006573512	0.018968436
0.006617129	0.018972191		0.006278658	0.019096838		0.007134004	0.018979036		0.006202733	0.018818268		0.006561542	0.018805565
0.006679311	0.018986543		0.006316352	0.019242026		0.0070695	0.018995941		0.006186555	0.018766512		0.00657456	0.018787403
0.006709422	0.018987873		0.006308811	0.019055094		0.00710343	0.018819473		0.006162737	0.018920794		0.006497597	0.018874627