0.15780169021722043     0.15019759635499863
0.07036526217605128     0.03849954853270577
0.048836257428833935     0.05667614183461356
0.045981890880700316     0.034679023749766294
0.037630800420587716     0.056243282268481624
0.03759475442134973     0.028688469783967312
0.035830778699932675     0.03869385214100097
0.039005907015366985     0.04473096508962071
0.03633874966881492     0.035551078922243365
0.05025544182459513     0.034326782235425644
0.03336295952941432     0.033096470132636314
0.03641948312701601     0.03351685149962131
0.03460247919776223     0.03983312357757171
0.03180428341663245     0.02839286819266564
0.03062768436200691     0.03094300760655598
0.030617416208440607     0.03102506004744746
0.03614291410735159     0.027302508682123347
0.030180575052897136     0.03945202765411604
0.03240053512110855     0.027104806501182924
0.03243429053913463     0.035847584997411114
0.030312143282456832     0.03851707883483858
0.029931725776556766     0.028568802934596974
0.028466989040374757     0.026353972551991064
0.0294227201721885     0.030987634313150852
0.029606482621395227     0.027653436456914284
0.02786885663234826     0.0311113230357826
0.029868149916330973     0.026116448042561132
0.029231025146715568     0.027463302514810103
0.032381305969122684     0.03259345678591817
0.029308905442555745     0.02832544736259489
0.027166103406385943     0.029408780393990443
0.027945517294334643     0.028219394856669203
0.028316686774745133     0.02682768788922675
0.02781633807673599     0.027748735199187326
0.027394001989653617     0.03724869077533594
0.02809389964017001     0.027267993161226294
0.027083104812737666     0.027033980894266008
0.0279067131244775     0.033600932825010504
0.027684159871303675     0.030529962485607673
0.026816408475240073     0.02872608330613175
0.02904510613643762     0.026621346358472974
0.02655663390593095     0.025949700503544292
0.027383140809608228     0.02875375880627827
0.026674152287569912     0.02582343604041741
0.026479085980039653     0.026010785847348353
0.026163707140720253     0.025611422651319257
0.027256011399355802     0.03106600001842116
0.026581197146213417     0.025986781793899252
0.027518204934669263     0.02514812638325319
0.02713179740038785     0.0326035856979044
0.02577941897421172     0.025711903120062166
0.025787778652075564     0.025933362294306987
0.02563500246857152     0.027170216505412275
0.02610925986550071     0.0293796217574506
0.026289488590124883     0.02503126172771241
0.025675812504508278     0.025042182118476104
0.02622884530732126     0.026064371974051665
0.02652387338696104     0.025069254924816712
0.025566579674229477     0.02501675907563986
0.025662088697606868     0.026393671682776128
0.02514383430191965     0.024920409939989282
0.0256675912250172     0.026029476556636143
0.025191388592575536     0.026728301021689375
0.02497646596214988     0.024866043191860157
0.02537063332759973     0.026974277868589948
0.02541784584161007     0.030591770397243003
0.025398727864930123     0.024873769527031145
0.02520534220608798     0.026180934285585766
0.025382395368633848     0.02634115134916341
0.02531076139392275     0.02534312031969262
0.02482924897742994     0.02777250548720803
0.024951208172422468     0.02456972257798489
0.02489460427833326     0.025730363276811337
0.024771538546591094     0.02618068744701967
0.024931592796788072     0.024950603127036397
0.024975971698760986     0.025347811692709374
0.02445410988547585     0.025369312018709997
0.024593681248751553     0.02539544101098213
0.0243646740768895     0.0269018345162771
0.024741658355250502     0.024728289213322353
0.024477697849273682     0.02530848847002788
0.02433077946576205     0.026108293617525067
0.027831148118683785     0.02618664192887487
0.02540544466538863     0.025116313567392003
0.024583260189403187     0.028469592222050664
0.02489329260045832     0.024641827358189126
0.024287400592457164     0.02538990775005525
0.024054552540634617     0.024674292390674462
0.02488569670012503     0.025145999339433407
0.024171536315571177     0.02702429968185141
0.023962678533611875     0.024530351826692602
0.04149660473158865     0.028459611878519163
0.028652506438168614     0.025250407178162643
0.024662787798679236     0.024959305183594998
0.024572030847722835     0.025516602297254654
0.024900326945564964     0.025799442511952056
0.02420066413012418     0.024850181155045236
0.02420869629310839     0.026547466955220388
0.026049487749735513     0.027272534414738085
0.024107403162753942     0.024888390502078826
0.02405308370879202     0.029022285818610494
0.0243880319739833     0.02741446393129994
0.024176911946498986     0.024472554487809817
0.023856906515179258     0.02521028571855623
0.023387651443481445     0.024885756154042638
0.02357359079881148     0.025231925528288773
0.02358172237511837     0.024810038977839247
0.023579822092345267     0.02453991959086138
0.02342407136974913     0.025093113511911555
0.023265644506974655     0.02633629888850074
0.023588867433143385     0.026734234231998485
0.023350985700433903     0.0256129108840205
0.023674896413629704     0.024600154959136224
0.023083881537119547     0.024686225284874217
0.023082673101714163     0.024681139169572455
0.02324516592603741     0.024766458454628416
0.023161844903772526     0.025357751930513348
0.023302679899967076     0.024804539840017552
0.02310925632534605     0.024558776040945796
0.023474635658842145     0.024241233625376536
0.023248464858893193     0.024300803482310923
0.022995095354138     0.024449984712671614
0.02284279662912542     0.024239341898035383
0.02281719496755889     0.024623127564178525
0.02268343785314849     0.024511457708245317
0.022673946048274184     0.0255018785097342
0.022640449206034342     0.024803339437924354
0.022672712398297858     0.02431879754846424
0.022749006271362306     0.025197104672073874
0.022876726800745185     0.024734646303503045
0.022706432270281244     0.02526314794795664
0.022802590716968885     0.024741426830398105
0.022638124697136157     0.024071801107612242
0.02237460912357677     0.02454626759631926
0.022574193289785674     0.0248967879988447
0.022395969188574588     0.02487093919271873
0.022330101504470363     0.024651042812375776
0.022227528225291858     0.024913851656435147
0.022371131449034718     0.02451025398247304
0.022112191128008295     0.024940815556891347
0.022207795894507207     0.024663241600901664
0.021966148419813675     0.024549649993726313
0.02196132110826897     0.025484271541404015
0.022180741989251337     0.024314761826540014
0.022050926945426246     0.024838495764147393
0.0219015687306722     0.024355613720018182
0.021778348778233383     0.025508666016355323
0.022040961077719023     0.024467620486220462
0.0216972167708657     0.024487477696074872
0.021669306509422535     0.024547490267062277
0.021732939098820542     0.02463168160622891
0.021650994257493453     0.02531966445171257
0.021568919470815948     0.0245818311840185
0.02150753878102158     0.024441327082623338
0.021519344821120754     0.02466386844677553
0.021468021551767986     0.024591719461639575
0.02168518540353486     0.02464719221937612
0.0217038985599171     0.024666598959926334
0.021473245245037655     0.024536947557031
0.02140897866451379     0.02464754541567267
0.021282848863890678     0.024355490522313738
0.02124583237098925     0.024669391515086573
0.021251452720526493     0.02471273705418668
0.021297653010397245     0.024657878844711417
0.02118426957274928     0.02486221719408567
0.021155335888718114     0.024512101172514563
0.021003290306438098     0.02478265817723753
0.021089107759071118     0.024680278890638105
0.020987367803400214     0.02489244051582308
0.02123069461186727     0.024835636624616318
0.020991994005261045     0.02464358835415326
0.021025636904167408     0.02448590448797857
0.020829038128708347     0.024534335588433927
0.02097638328147657     0.02539364290060164
0.021078529415708598     0.024858430194145686
0.02076504559950395     0.024364885233591923
0.020673212658275257     0.024843846222725056
0.0208421211531668     0.024891513320149987
0.020973295168443158     0.024538789539975306
0.020765268687045934     0.024707238913468713
0.02050006067391598     0.024705448004392887
0.020568297024929162     0.024693875950951558
0.020577814015475187     0.02484515209623429
0.020585713198690705     0.024555660867336515
0.020528873284657797     0.02488606924461166
0.020415194395816686     0.02458707705749455
0.02047618170940515     0.024527046538640133
0.02049392713199962     0.024785829299444603
0.02031649419033166     0.024607142772816372
0.020415912628173827     0.024613675907198825
0.020470633550123733     0.025106903124032853
0.0203322377204895     0.024966833981439528
0.02016832824186845     0.0256327418368102
0.02016555387323553     0.02448665253734943
0.020119822993423     0.024730238994258046
0.02014813333569151     0.024894435831162125
0.020179367397770737     0.024745432860789247
0.01992557021343347     0.025080108177263055
0.02003408196478179     0.0249213857721662
0.019980420011462587     0.024857061724680506
0.019876430713769162     0.024613110327809273
0.019945417201880252     0.024856965005619375
0.019913783246820624     0.02488326959893606
0.02004036672187574     0.025022135791282228
0.019757003480737858     0.025198684305949726
0.019851026404987683     0.024832900572000383
0.019923250212813867     0.024471519604934634
0.019694921161189222     0.024778953272170737
0.019800381776058314     0.024922238406638673
0.019751982096469764     0.025161685664414474
0.019709029616731585     0.024779356212864135
0.019606560172456683     0.024808871812536815
0.01968929528467583     0.025375632105263637
0.020056473789793073     0.025033419017011792
0.019713326714255592     0.02506213582581304
0.0196473376678698     0.024835370841079486
0.019566241611133923     0.024686465697660764
0.019569548606872558     0.025503802698341002
0.019357257944164853     0.024657089692509307
0.01950040089000355     0.02499403209048133
0.019377936030879166     0.024925821997419165
0.019397561131101665     0.02474233707530791
0.01936673878178452     0.024877586329293516
0.019393896117354884     0.024670019025696256
0.019399292122234     0.024762263085319206
0.01928494233796091     0.02481814775768266
0.01924108732107914     0.024717303013712943
0.019226907903497868     0.024646282971570038
0.019210044008312804     0.024930061904028
0.019282285459113844     0.024823448361074172
0.01918119007168394     0.02469543431328132
0.01918864279082327     0.024690133266732594
0.01917482058207194     0.024825959511405916
0.019149637670227974     0.024851368151632827
0.019117360866431034     0.024735598094401307
0.019103807853929924     0.025018177732659096
0.01924157409956961     0.025050898023697525
0.019125253121058144     0.024796969496184564
0.019000410079956054     0.024738877790124885
0.01903162178848729     0.024735396679449257
0.01894712153348056     0.025103486825099223
0.018983269402475068     0.02461494765760287
0.01882766528563066     0.0246934530681837
0.018983681765469638     0.024802246944611844
0.018864429343830456     0.024773730221291014
0.018898604407454982     0.024890213650841694
0.019019395365859525     0.024967575161873628
0.018900289304328688     0.025197826575169332
0.01882497509320577     0.024845391844285022
0.018887852986653644     0.025012352874287887
0.01874416920633027     0.024640931072731444
0.01870089767918442     0.02504902435501269
0.01878538497289022     0.02476209933873003
0.018754565860285902     0.024722972323903365
0.018811587275880757     0.02505142360814885
0.01867557090701479     0.024663108542949293
0.01873548469398961     0.024820198578462283
0.018605486530246157     0.02492364454446672
0.018694367415977246     0.024934160000329567
0.018591313217625475     0.025032166876314297
0.01852772933064085     0.024777814358140457
0.018571941924817634     0.025032427674332516
0.018659903396259656     0.024899686911735393
0.018491147980545505     0.024915695190429688
0.018482291720130228     0.024832486441587427
0.01852004942749486     0.02505142693182793
0.018496282172925545     0.025059331748565332
0.01863078478610877     0.02489072660531253
0.018470042806683164     0.024873475824590065
0.01848936232653531     0.024799439986842274
0.018414898222143     0.02473713850886405
0.018454925710504704     0.024797133242773745
0.018427292838241113     0.02525180434205718
0.01846418025276878     0.02487784956467639
0.018427483269662568     0.025017463363236212
0.01843561806823268     0.02507680410789291
0.018466276934652616     0.024677397150089306
0.018243947050788186     0.02531368360200336
0.018392622846545595     0.024971213260990978
0.01842941466244784     0.02482499763868112
0.01838839676885894     0.024930442576071587
0.018437974135080974     0.024891709084847603
0.01838648407387011     0.025534040533477045
0.018388558568376484     0.025124811660844598
0.018305049094286832     0.024961653473651986
0.01839069010994651     0.0250160804911617
0.018263770508043693     0.024785244775084314
0.018352787364612926     0.024746371024603295
0.018296887448339752     0.0245898656242399
0.0183245826995734     0.024774259794157233
0.018234377911596586     0.024909657395018964
0.018208566217711476     0.024996669429828686
0.018203422763130882     0.024996095984398652
0.01813387708230452     0.024820320446695094
0.018257643800793272     0.02523490598210615
0.018165429570458153     0.02464694560238863
0.018139366749561195     0.024849784307763478
0.01818206093528054     0.0251067535584744
0.01819782761371497     0.024900234432468627
0.01820870395862695     0.02514040348255058
0.01805814095699426     0.02479298229997486
0.01811514248269977     0.02505004727264319
0.01797640571449742     0.02505965359148926
0.01816049510782415     0.02503053229094438
0.01811759325952241     0.025059392461103135
0.018031440149654042     0.024686427142983476
0.017947138114409015     0.024769968259733405
0.0180311892971848     0.024982571934235583
0.01805363805366285     0.025175478489425546
0.018021940332470517     0.02504615502286578
0.017895483436006488     0.025180044005794596
0.017953507242780744     0.025054972411088342
0.017931172291437786     0.025009940326435415
0.017845575751680318     0.024700590890579507
0.017953449299841218     0.02488108062389615
0.017871182159944016     0.025022331888347755
0.01785622321475636     0.025072769161493806
0.017861014460072374     0.025081693904550544
0.017892569455233487     0.024861349049110838
0.01787514946677468     0.02496990362064546
0.01794973253481316     0.02479044577889283
0.0179235445802862     0.024868050804811782
0.017825950131271823     0.025050169473243913
0.01792358553048336     0.025276081601926386
0.017844142718748613     0.024760667276205184
0.017744123408288667     0.024725004421290855
0.01781285421776049     0.02522247232025884
0.01783904634100018     0.024992607229261152
0.01779421304211472     0.025094117595360625
0.017756205067490087     0.02488397610231846
0.017800522060105295     0.024610266255623348
0.017711269942196933     0.024923522233076697
0.017739078044891356     0.024890168448806253
0.017697631546945283     0.024978047742276386
0.017764426968314432     0.025192645070278068
0.0177686000809525     0.02487341843573134
0.017726705464449797     0.02483525152100063
0.01774574469797539     0.02473787636561908
0.01768133487845912     0.02494424060817988
0.01769252615263968     0.024927465002776077
0.017594372749328614     0.024689171172429195
0.01769786774750912     0.025060374940638206
0.01753529555869825     0.024920891208719587
0.017659467220306396     0.025039458141894146
0.01763060066916726     0.02509588202579314
0.01763726833372405     0.02475121672711851
0.017611076239383582     0.025074887896115894
0.017593078389312282     0.02480267193237645
0.01760189230514295     0.025042719557382805
0.01753018533822262     0.025114750108754323
0.017630460977554323     0.025189961864159453
0.017586777448654174     0.02498549101077934
0.01762578497510968     0.02527074720779759
0.017603862263939597     0.02521874204444176
0.01763126269976298     0.024995712985779715
0.017486022970893165     0.025081439089154667
0.017536374121001272     0.024986092929060132
0.017564162478302465     0.025293230678069104
0.01745005777387908     0.025257493705111364
0.017422973148750538     0.02498577773349436
0.017536568685011432     0.02506364400058874
0.01753977831204732     0.024926833392962203
0.017548555655912918     0.024878750835652687
0.01751457643508911     0.025146455569781335
0.01746246894200643     0.025031886357800223
0.017448635137442388     0.024820926242601474
0.01741501392017711     0.025329424546110587
0.017524554122578015     0.025201038246261142
0.01745887478915128     0.025253089941124046
0.01753240644570553     0.02478536797278876
0.017383563829190804     0.024539986064442916
0.01751241843628161     0.02507334271771314
0.017360696987672286     0.025178976661653765
0.017458198164448595     0.025005789937583043
0.01733871426004352     0.025175065577694916
0.01740251146663319     0.025074835825143693
0.017414093819531528     0.025147011953658774
0.017440173062411222     0.02489883217226617
0.017481451641429554     0.024909279049550734
0.017283948240858136     0.02514056412703929
0.017475856809905082     0.025192062872493134
0.01743891205209674     0.0251545060744516
0.017359076037551418     0.024907335362026682
0.017413131229805225     0.02488040082073566
0.0173781078006282     0.02494044651772453
0.017377549590486468     0.025226330557720368
0.017337517853939173     0.02519387848758343
0.017260345589030873     0.02512398882869451
0.01733795903668259     0.025027439718352817
0.017335785981380577     0.024995346716345464
0.017332783821857337     0.025217148340324486
0.017227552926901615     0.025322511515209666
0.01726929666779258     0.02498717113055261
0.01732185697555542     0.02492337023015359
0.017230259584658073     0.025147355622075304
0.0172142899758888     0.025345469717642632
0.017301453510920207     0.025153343119142666
0.017311499631766116     0.02500300846135306
0.01722207903139519     0.025025846125024846
0.01722690818526528     0.024832215894110585
0.017240681236440486     0.024914641805740982
0.01721682614991159     0.024848079371186438
0.017324084932153875     0.025167288722601964
0.017228276324994636     0.025314834924435526
0.017314560456709427     0.02512137165300022
0.01725891424670364     0.02494628921317345
0.01724923857053121     0.02530784744312329
0.017270158876072278     0.024786083228526063
0.017214785012331875     0.025061982271839697
0.017255069176355997     0.02532860337580004
0.017181673208872476     0.025238126183974256
0.017201105240619543     0.025112567781072567
0.01720524600057891     0.024805152726439295
0.017232406674009382     0.02517111516353366
0.01717708959001483     0.025269407765129686
0.017094507231856838     0.025252085636096374
0.017188192569848264     0.02506353177102525
0.01714109998038321     0.02519331168951155
0.0172030360770948     0.025064147981126068
0.017125772685715645     0.024824269199016813
0.0172702242677862     0.02528673078047742
0.017075259389299335     0.025004787072816302
0.017198973034367418     0.02532975636007174
0.017115368286768594     0.02518038966841857
0.017103592468030525     0.025251886436930375
0.017105394103310325     0.025030290770264807
0.017127796519886364     0.024919302046963715
0.017079657178936582     0.025328953026838904
0.017146869066989784     0.025166094413920405
0.01712239967692982     0.025240153960578948
0.01717058929530057     0.025121540052740105
0.017099761023665918     0.025050317266173523
0.01715769632657369     0.025042489226422788
0.017115554043740936     0.025073801385425722
0.017048363598910245     0.025089083107873854
0.017196806669235228     0.025010990830602257
0.017099283196709374     0.024945990746792365
0.01718546480843515     0.02508870509477353
0.017025371219172622     0.025137050222730106
0.016996888998782995     0.02523038777276929
0.017121744257031064     0.024977390318555018
0.0171388637008089     0.024849820868233324
0.016979209386941158     0.02493688685743339
0.01709731457450173     0.025120862243787064
0.01705499685171879     0.024880448460135762
0.017021190253171052     0.02513073534327369
0.01712345592180888     0.025021038755608314
0.01712040496594978     0.02453132632939789
0.01703926673079982     0.025114766062413894
0.01710703272530527     0.024945362349868265
0.017130862192674116     0.025083631831030864
0.01711318351283218     0.024762340194673785
0.017050874160997796     0.0251186493382578
0.016983502308527628     0.024928215378722293
0.017073479320063735     0.02529187140411604
0.01694074949351224     0.02505859876653962
0.017052663947596695     0.025306959688441905
0.01701628042712356     0.0250302383669247
0.017042232275009155     0.02509992616770436
0.016971406532056404     0.025131266910347352
0.017046673753044823     0.025119845641146804
0.0170677829655734     0.02520180269244878
0.0169710029110764     0.025090081319489886
0.017017450441013684     0.025019979277507966
0.01698109656391722     0.025092619945568665
0.016946982181433475     0.025027924199972896
0.01698682579127225     0.024937037863252774
0.0169682744994308     0.02499142588292799
0.016946839570999146     0.02527375114894711
0.0170413123477589     0.025335216056901727
0.017032691998915238     0.025051797743623583
0.01697402069785378     0.025111101595442536
0.01690814330361106     0.025136209553502306
0.016915082729224002     0.025190054373227088
0.017010702429395733     0.025221746982695
0.016969114180767176     0.02488791189229178
0.016905723788521506     0.025019780853867087
0.01697600466554815     0.02510963917664879
0.01700217715176669     0.025103085324666756
0.017004319176529392     0.024994872981287733
0.01693510848825628     0.024956365832608872
0.01688914574276317     0.02513336337631963
0.01702364035808679     0.025190367906953323
0.01694128787878788     0.02517684507547258
0.01701777109232816     0.024885376922259988
0.01706968868862499     0.025129889023791457
0.0169225187662876     0.025164399337591292
0.017030769731059218     0.025201871271027066
0.016971684296925863     0.024741398357547347
0.01699016817410787     0.025258389768990443
0.016924967563513554     0.025091176250167053
0.01700322282675541     0.024890682400380813
0.016981515501484728     0.02537878937880789
0.01701488894404787     0.0251570801531072
0.016875522172812258     0.024982735459246157
0.016981299096887763     0.025102729691005552
0.01695444418444778     0.024833031968113217
0.016973048224593654     0.02536842204824256
0.01691463284781485     0.024889243025762
0.016975473461729108     0.025157863765844182
