0.164446446	0.057838689	0.14101813	0.055516365	0.164625566	0.061119065	0.165557288	0.095773032	0.149598076	0.072571575
0.065694708	0.056461337	0.045762127	0.053245357	0.066741385	0.052241842	0.074104122	0.052214528	0.075373427	0.069885184
0.059056691	0.051938994	0.066779331	0.104113526	0.0527029	0.03843663	0.05998839	0.049106384	0.064222339	0.034163273
0.048503898	0.103152486	0.045864669	0.032748354	0.047717817	0.032093742	0.036051658	0.032411587	0.04370659	0.050731673
0.040113432	0.029879513	0.03478929	0.038651536	0.048778212	0.050093559	0.039392306	0.037052528	0.041557643	0.034380672
0.036644492	0.030624379	0.03474092	0.035062303	0.040347879	0.030575262	0.047099118	0.034977127	0.045228599	0.081490471
0.031339034	0.028741534	0.032876818	0.033293969	0.044627645	0.044483768	0.03969554	0.042838233	0.042767053	0.03955306
0.044795361	0.034816277	0.054637451	0.030701504	0.048383913	0.03484547	0.036684287	0.057444976	0.035240149	0.028787043
0.044282485	0.047962771	0.035988152	0.0290083	0.039876911	0.037650424	0.035998949	0.030081078	0.035697246	0.031595973
0.037310831	0.065623555	0.033435936	0.030677382	0.041723768	0.028769625	0.033394125	0.04089329	0.038795283	0.054187808
0.036757424	0.031857605	0.030652827	0.032108506	0.033910562	0.0313967	0.035571583	0.027977854	0.036584087	0.035288412
0.036829416	0.042039566	0.040535116	0.041066896	0.03542915	0.041631299	0.032428033	0.032076514	0.033125023	0.028988576
0.031721388	0.045561389	0.035991799	0.036853679	0.04241114	0.031315062	0.033122777	0.032827282	0.031421773	0.029195303
0.033319043	0.030999107	0.035558302	0.02738518	0.033851371	0.027713295	0.032639068	0.026835921	0.033317657	0.031820659
0.032301551	0.027283381	0.032231086	0.028381506	0.033092885	0.046397469	0.033346194	0.031661183	0.030693307	0.042808745
0.032466404	0.034796917	0.034084915	0.028389661	0.035149946	0.03079933	0.032527785	0.041504369	0.029531434	0.036622531
0.02959995	0.0296147	0.033950736	0.030526552	0.03294817	0.039880623	0.034187282	0.039893115	0.035053533	0.027674805
0.030417832	0.029460051	0.03312264	0.041641057	0.034107055	0.035008173	0.028855509	0.029771381	0.028885535	0.032331743
0.031444108	0.03598509	0.029349593	0.029115095	0.031364603	0.027981611	0.030425702	0.030090479	0.031421532	0.030462785
0.032199028	0.038867071	0.034174869	0.029912614	0.030140163	0.04194292	0.031150611	0.038091657	0.029649481	0.028462113
0.029217292	0.03299515	0.031193389	0.026369856	0.029733702	0.028068715	0.030354823	0.031595651	0.027911554	0.027102474
0.028498168	0.027856462	0.029505804	0.028912502	0.031014287	0.026453839	0.02985827	0.027829126	0.028447766	0.026121825
0.029288352	0.030944585	0.028467679	0.029254003	0.029390874	0.028246999	0.029374356	0.030667256	0.027689201	0.029060356
0.029406791	0.03079899	0.029913128	0.034805543	0.029444054	0.037033696	0.028679184	0.025816162	0.029690437	0.037600488
0.028210561	0.033409759	0.028772129	0.028116391	0.029080763	0.028177095	0.02899543	0.026828	0.02875493	0.03714303
0.0289306	0.027032125	0.030211514	0.040385742	0.030526281	0.034975908	0.030569655	0.026258662	0.030207441	0.027423716
0.030582794	0.025878799	0.030945279	0.026001873	0.028839774	0.039594057	0.029683043	0.027765945	0.027584574	0.029264986
0.026580402	0.02809007	0.030672805	0.033138402	0.031584184	0.032748234	0.030077133	0.029814038	0.029341691	0.030626122
0.026672878	0.027518281	0.031676651	0.031517733	0.029334205	0.033490308	0.028134128	0.026953363	0.027555912	0.02566144
0.026821141	0.026290921	0.030079752	0.029528151	0.028595445	0.033933333	0.028401796	0.026145716	0.02721032	0.028078096
0.027964515	0.031353842	0.02688069	0.027275654	0.030101985	0.027131815	0.027982161	0.026296404	0.027278418	0.027082345
0.026612783	0.025721083	0.028042705	0.027045871	0.027146	0.027158158	0.026833301	0.027135898	0.026259246	0.029400098
0.026840449	0.026196361	0.028851742	0.025974499	0.027297666	0.038350492	0.02812774	0.025760734	0.027994908	0.025825542
0.027746771	0.030319408	0.026243109	0.029248499	0.027380673	0.026144994	0.026320005	0.026856763	0.027723733	0.026459453
0.028511428	0.027663928	0.028139366	0.030216056	0.027495789	0.029445297	0.026229183	0.02724938	0.027421777	0.02817884
0.026528303	0.02641549	0.028993592	0.026860691	0.029576648	0.031942993	0.027875241	0.02593948	0.027746404	0.027330113
0.027117454	0.025513312	0.028845994	0.038922565	0.027508289	0.030463014	0.027067669	0.028554593	0.028069133	0.025715022
0.026199093	0.031965353	0.026945864	0.027782296	0.028269649	0.026118826	0.027156949	0.027613644	0.02769492	0.02713419
0.026801527	0.02658345	0.028133289	0.030772632	0.026748357	0.026064619	0.027623566	0.026236328	0.02647316	0.030925371
0.026850823	0.027543069	0.028475965	0.025742629	0.027340885	0.02585443	0.029469405	0.026137258	0.026946168	0.025926342
0.025564773	0.02824844	0.027259108	0.025654294	0.026176537	0.029575491	0.026904253	0.034850378	0.027006969	0.025907689
0.024966346	0.026011792	0.026694363	0.026796541	0.026496439	0.025092151	0.026855299	0.026781001	0.026577636	0.02738312
0.025447867	0.028682702	0.028160437	0.026283975	0.025576645	0.025429374	0.027031348	0.025681001	0.025757578	0.029607184
0.025327965	0.02634725	0.025717935	0.02602243	0.0262898	0.025891756	0.026767049	0.029802231	0.026355155	0.029744473
0.0259404	0.02676611	0.026731401	0.038718716	0.027526077	0.029243203	0.026449078	0.029026186	0.025897762	0.025348283
0.025921352	0.027786837	0.025928854	0.031499628	0.027249317	0.025787271	0.027130188	0.028265976	0.02635674	0.026687295
0.024945533	0.025874229	0.027365378	0.031443067	0.025104287	0.025724245	0.026607302	0.026790155	0.025565987	0.025141809
0.025715079	0.032125974	0.026700247	0.03007872	0.025702123	0.026333396	0.026218594	0.026546909	0.026331048	0.027746528
0.026878149	0.026284262	0.027801978	0.025514807	0.025751367	0.027324532	0.025566794	0.027194832	0.026285856	0.02808049
0.024781673	0.026268059	0.026016258	0.026778183	0.026744023	0.031307764	0.026514308	0.027729005	0.02784013	0.033855012
0.02427939	0.027384766	0.027459093	0.025777567	0.026610586	0.025242865	0.025991315	0.027379122	0.02502466	0.029700605
0.027235233	0.026260254	0.025528171	0.025824365	0.025040823	0.025724397	0.02518428	0.031982352	0.024985766	0.027972225
0.025695158	0.026082425	0.025537681	0.030096171	0.025958091	0.029675162	0.025373081	0.027022917	0.025036148	0.026181204
0.024972993	0.030295929	0.025529713	0.02547276	0.026536917	0.025269102	0.02529986	0.02901018	0.059125221	0.242292767
0.025056568	0.025982508	0.02576398	0.027552676	0.026126315	0.030434727	0.025602092	0.025928517	0.08592165	0.033804601
0.024519236	0.028661676	0.026745529	0.026528892	0.025903733	0.025803851	0.025192255	0.02632232	0.033072917	0.032275694
0.024318694	0.025555022	0.026838073	0.027119335	0.02530254	0.02616076	0.025019801	0.025863476	0.028492646	0.037796913
0.024295725	0.02577869	0.025053235	0.027483127	0.024971614	0.028023994	0.024927332	0.025735949	0.028620698	0.027594764
0.023897276	0.027212751	0.025495897	0.02507354	0.02546102	0.025705058	0.026595366	0.025255719	0.027357468	0.031343322
0.024711869	0.025994756	0.025591671	0.027860917	0.02548619	0.025264411	0.027244495	0.027281041	0.027409063	0.026598077
0.024932334	0.026037122	0.025791126	0.025140975	0.024828199	0.025771162	0.025902656	0.025021438	0.025323635	0.028966204
0.023918758	0.026895316	0.024952217	0.025777695	0.025089928	0.025384578	0.025029426	0.025093764	0.025421333	0.026103729
0.024189503	0.028677939	0.026261024	0.025692293	0.02583629	0.026656489	0.025178671	0.028011224	0.025632826	0.026130217
0.02390093	0.025097395	0.025719539	0.025126827	0.025726036	0.027368542	0.024719171	0.02494984	0.024932946	0.028618459
0.023802866	0.025513565	0.024274009	0.026148363	0.025253047	0.025798655	0.024972534	0.025072031	0.024820226	0.025330437
0.025419552	0.027527662	0.02494024	0.025692141	0.024401057	0.025676372	0.024847273	0.025056375	0.026165458	0.028300207
0.023880313	0.027949724	0.024453858	0.028016188	0.024880757	0.024687986	0.024113634	0.029377252	0.025784997	0.02548398
0.023680805	0.02699928	0.024760975	0.02507139	0.023878007	0.027058225	0.024440536	0.025153562	0.025156856	0.025425392
0.023425874	0.025565731	0.024383023	0.025600496	0.024586345	0.027599783	0.024366257	0.026950149	0.024693735	0.025201309
0.023012426	0.026801058	0.024090458	0.027788066	0.024377786	0.029059425	0.024539959	0.025429423	0.025014739	0.025248532
0.023052814	0.024849403	0.02439473	0.033343597	0.023871645	0.025032349	0.023900896	0.02792219	0.023960395	0.026734558
0.022814788	0.028022079	0.024344088	0.027840028	0.023613563	0.025152539	0.024020401	0.027219582	0.024352466	0.026573928
0.023774165	0.026828596	0.024154923	0.027071099	0.023980267	0.024796908	0.023742054	0.028524221	0.02545477	0.025792585
0.022538942	0.026112492	0.024212236	0.024854977	0.0237073	0.025365829	0.023842809	0.02672553	0.024165581	0.02564102
0.022696949	0.025204918	0.023491708	0.025508729	0.023870815	0.02804895	0.023665189	0.024965979	0.025180943	0.025108107
0.022592029	0.025740401	0.023512369	0.025035455	0.023500229	0.025979098	0.023362084	0.026520174	0.024573713	0.025338965
0.022790776	0.025140922	0.02374271	0.02598852	0.023639127	0.028152065	0.023787379	0.025356689	0.024118129	0.025054952
0.022326791	0.026169259	0.023583792	0.02615714	0.023741961	0.025930824	0.023508677	0.026224686	0.024126211	0.027400647
0.022746579	0.024974073	0.023954766	0.02530747	0.02395787	0.032228031	0.024100191	0.025683822	0.023978432	0.025499773
0.022777025	0.025075708	0.023741098	0.026551387	0.023540133	0.026452179	0.024745542	0.025255529	0.023996773	0.025255919
0.022028668	0.027723807	0.023569467	0.027053245	0.023608177	0.025871568	0.023485586	0.026062971	0.02355924	0.025043928
0.022219517	0.025980862	0.024474827	0.026212631	0.023401254	0.026647271	0.023087175	0.026705576	0.023648382	0.026984004
0.022466179	0.025110273	0.023455652	0.027875443	0.022829022	0.025508922	0.022708208	0.025440008	0.024397114	0.026355718
0.02203233	0.025117375	0.023273086	0.026958942	0.023897502	0.025913112	0.023583974	0.028592386	0.023522628	0.025532837
0.022264684	0.02554011	0.023048346	0.025613128	0.023208965	0.026168855	0.023200195	0.025125312	0.023595508	0.02515456
0.022112044	0.025407826	0.023504024	0.025894625	0.022854459	0.026088506	0.022949168	0.025347047	0.023308685	0.025032108
0.022023523	0.026728933	0.023104138	0.027272589	0.022838355	0.025038085	0.022856067	0.025800955	0.023327537	0.025334037
0.021550205	0.025894316	0.023517918	0.027456564	0.022933795	0.02538892	0.023252935	0.02613505	0.023401788	0.027414607
0.021948407	0.025988669	0.022562568	0.025112282	0.023062888	0.025287544	0.023155879	0.026920978	0.023387452	0.025778075
0.021247129	0.025362888	0.022609325	0.024984693	0.023039687	0.024973046	0.023582419	0.026026419	0.02344392	0.025570009
0.021534836	0.025513487	0.022660258	0.025062138	0.022334449	0.025877154	0.022657666	0.025701212	0.023058077	0.025161244
0.021686453	0.025869769	0.022602897	0.024924513	0.022251692	0.025832054	0.022686979	0.025679671	0.022780714	0.024830748
0.021295304	0.025410406	0.022620832	0.027306606	0.022155475	0.028036326	0.023201533	0.02657186	0.02271439	0.026889614
0.021179565	0.025656671	0.022609017	0.025480516	0.022302901	0.024840135	0.022440323	0.025472497	0.022973441	0.025716094
0.021549203	0.025785187	0.022483627	0.025404895	0.022325351	0.025085215	0.023247551	0.025546099	0.022800939	0.026174584
0.020933394	0.026378223	0.0222881	0.025046222	0.022367427	0.024791034	0.023438058	0.025234185	0.022822117	0.024994445
0.021476256	0.026455045	0.022425581	0.026658863	0.021803729	0.025208708	0.022412506	0.025489847	0.023116868	0.025163738
0.020877885	0.026148032	0.022860064	0.028735701	0.022159687	0.025070365	0.022327747	0.025829231	0.022371929	0.025631989
0.020777958	0.02643497	0.022165614	0.026252242	0.021745525	0.025160618	0.021931008	0.02537641	0.022923518	0.025629254
0.020846245	0.025611528	0.022353652	0.025536148	0.021985828	0.024925286	0.021796743	0.024909654	0.022484882	0.026398396
0.02052874	0.025136791	0.022287179	0.025293942	0.02158812	0.02518669	0.021870412	0.026206889	0.022635069	0.024890287
0.020618549	0.025465829	0.022304721	0.024927609	0.021413881	0.025210674	0.022032441	0.024949052	0.022537388	0.026518516
0.020267345	0.025535069	0.022027678	0.025123802	0.021611554	0.025136843	0.021440401	0.025155469	0.022411574	0.024983225
0.02070854	0.025321339	0.021911651	0.025098479	0.021466843	0.025324459	0.021378223	0.027603623	0.022156589	0.024948871
0.020505726	0.025599729	0.02143809	0.025770034	0.021557058	0.024848187	0.021660645	0.024902195	0.022003819	0.025161289
0.02048801	0.025169874	0.021707011	0.025856114	0.021064441	0.025939677	0.021176348	0.027576231	0.022027787	0.025355305
0.020368439	0.025864184	0.021574077	0.026451772	0.021544552	0.025370662	0.021717841	0.025818892	0.021909602	0.025204809
0.020177829	0.025271076	0.021704387	0.02542325	0.020987418	0.02509042	0.021151098	0.025539768	0.022047177	0.025536296
0.020090212	0.025324385	0.021324952	0.025887044	0.020848066	0.025883321	0.021129052	0.02661634	0.022096912	0.025190349
0.019967468	0.027395106	0.021567373	0.025267106	0.021100532	0.024946164	0.020935673	0.025205272	0.02227117	0.025278779
0.020094043	0.025493255	0.021208885	0.025527694	0.020859213	0.025060211	0.021293045	0.025109106	0.02178171	0.025534697
0.019804083	0.025073422	0.021026096	0.026213806	0.020994894	0.025391696	0.021005293	0.025125224	0.021916975	0.024721538
0.019437837	0.026520517	0.021382632	0.025600479	0.020674769	0.025881084	0.021033914	0.025065554	0.022415497	0.025269199
0.019577973	0.025256441	0.020888152	0.025299714	0.020532084	0.025022588	0.020715091	0.025306146	0.021473664	0.025037391
0.019362322	0.025412625	0.020795443	0.025304238	0.020408327	0.025072459	0.020334196	0.025753645	0.02138488	0.025171525
0.01934824	0.025232778	0.020977667	0.025607745	0.020700436	0.025909785	0.020500421	0.026271173	0.021430252	0.024922503
0.019221072	0.026065766	0.020824612	0.025741304	0.020309028	0.025706066	0.020801638	0.026533919	0.021386657	0.026370605
0.019296203	0.026555765	0.020558694	0.02555218	0.020298874	0.025728902	0.020657414	0.025462409	0.021216613	0.025673235
0.019440669	0.026210975	0.021080298	0.025653862	0.020210811	0.025690715	0.020647455	0.025778358	0.021347212	0.02772881
0.019665566	0.026614131	0.020533485	0.025718084	0.020761041	0.026240346	0.022601455	0.025792746	0.020926076	0.026207127
0.019077662	0.026622655	0.020364796	0.025129451	0.0203817	0.025380402	0.020747026	0.025350825	0.020890743	0.025460129
0.019181147	0.025410311	0.020251297	0.025502376	0.020394714	0.025347445	0.02019171	0.02573712	0.020629557	0.025390973
0.018873918	0.027028787	0.020188822	0.025343626	0.020216058	0.026680636	0.020438986	0.025251607	0.020527692	0.025180991
0.018801566	0.025495239	0.020298012	0.025443231	0.019656029	0.025315543	0.020259749	0.025574853	0.02070049	0.025787565
0.018674946	0.025636386	0.02009623	0.02550936	0.019661261	0.025260747	0.020146408	0.025485314	0.020720497	0.025923686
0.018649505	0.025316901	0.020631071	0.02495785	0.020328307	0.025556555	0.019855105	0.025222157	0.020551645	0.02599717
0.018604853	0.025430276	0.020294544	0.027695782	0.019879007	0.02506359	0.019727063	0.025575815	0.020784667	0.02656401
0.018604769	0.026343565	0.020320331	0.02587696	0.020136265	0.027102244	0.019933672	0.025953537	0.020809547	0.025197731
0.01871918	0.025825841	0.019866382	0.025847481	0.019917088	0.025579458	0.019800415	0.025202227	0.020567469	0.025209759
0.018267499	0.025705242	0.02013923	0.025693584	0.019482025	0.025621347	0.019882875	0.025441654	0.020439243	0.026516011
0.018362439	0.02663099	0.019891494	0.025852738	0.019322569	0.026830035	0.019380923	0.025266754	0.02037291	0.02504963
0.018764557	0.025402009	0.020039332	0.025383724	0.019211029	0.025047555	0.019470511	0.025471436	0.020320031	0.025447363
0.018182162	0.025845856	0.019600198	0.025351846	0.01925739	0.025561804	0.019478037	0.025925456	0.020310253	0.026079119
0.018256639	0.026647364	0.019520812	0.026730663	0.019023945	0.025277218	0.0195485	0.025350224	0.01992862	0.025010217
0.018073257	0.025628301	0.019789573	0.025678137	0.019132995	0.025518716	0.019239683	0.025584157	0.020008891	0.025490324
0.018083865	0.025617487	0.019501592	0.025476099	0.018910006	0.025392461	0.019103276	0.025657783	0.020264554	0.026276752
0.017984286	0.025950777	0.019630634	0.026622822	0.018771465	0.025154982	0.019212534	0.026015914	0.020032139	0.02597297
0.018144605	0.025525929	0.019575257	0.025346418	0.018573145	0.025964842	0.01913833	0.026198163	0.019872784	0.025178668
0.017915935	0.025778766	0.019435626	0.025525399	0.018946806	0.025086267	0.018901225	0.025302095	0.019644481	0.02546243
0.017794488	0.025386693	0.019214325	0.026004519	0.018713173	0.025211352	0.018908284	0.02563992	0.019692204	0.02533847
0.017494209	0.025807366	0.019264445	0.026387392	0.018472809	0.025009919	0.018827787	0.025201091	0.019840629	0.025083152
0.018002568	0.025370467	0.019041162	0.025383617	0.018537862	0.025113793	0.018738379	0.02541988	0.019417064	0.024879268
0.017578709	0.026015538	0.018884002	0.02527872	0.018838998	0.025098713	0.018633314	0.025389498	0.019350472	0.025040011
0.017368248	0.026628766	0.018935974	0.025491491	0.018529171	0.025062556	0.018683931	0.026067621	0.019397372	0.025364186
0.017372589	0.025602732	0.018760207	0.025446618	0.018417224	0.025226975	0.018589457	0.026195923	0.019169147	0.025611266
0.017492713	0.025216625	0.019014775	0.025954459	0.018157567	0.025362841	0.018545787	0.025734655	0.0194139	0.025365527
0.017301152	0.025971963	0.018631403	0.026053964	0.018362349	0.025215636	0.018623791	0.025638215	0.019161112	0.025279397
0.017136261	0.025441887	0.018843152	0.025558414	0.01816611	0.025208444	0.018414349	0.025156408	0.019201516	0.025443319
0.017043062	0.025796355	0.018654231	0.025911802	0.018267254	0.02573782	0.018156606	0.026196208	0.018979227	0.025692627
0.017083474	0.025433162	0.018774847	0.025565484	0.018092691	0.02602086	0.018443895	0.025505891	0.018991451	0.025363845
0.016959945	0.025534577	0.018488311	0.02559709	0.017996439	0.025421236	0.018169327	0.025371045	0.018958538	0.025405214
0.01718794	0.025821684	0.01841154	0.025635043	0.017785225	0.025323092	0.018058279	0.02544979	0.018942831	0.02519719
0.016830567	0.025367449	0.018365441	0.025580119	0.017890301	0.025513105	0.018873403	0.025159141	0.018840663	0.025380783
0.016850899	0.025458304	0.018649842	0.025593834	0.017679323	0.025939149	0.025823766	0.028993878	0.018834767	0.025462386
0.016621951	0.025753331	0.018414632	0.025999568	0.017989798	0.025535209	0.021593119	0.025412563	0.018591245	0.025356435
0.016752628	0.025786395	0.018179986	0.026136135	0.017800961	0.025434029	0.01939929	0.02641578	0.018675534	0.025153334
0.01661869	0.025546986	0.018417651	0.026102346	0.017677908	0.026220927	0.019050962	0.025644461	0.018501944	0.025149086
0.016425204	0.026100914	0.018155856	0.025564632	0.017911321	0.025404771	0.018456184	0.025844042	0.01862517	0.025991047
0.016496504	0.02545392	0.017955078	0.02568006	0.017756836	0.025732725	0.018720625	0.025349684	0.01849042	0.025375572
0.016558973	0.025556072	0.01793201	0.02546891	0.017423127	0.025460495	0.018468401	0.025686902	0.018531874	0.025952437
0.016285599	0.025819941	0.017957384	0.02516408	0.017381707	0.025589219	0.018206765	0.02503099	0.018472781	0.025512684
0.016322909	0.025844323	0.017847045	0.025698536	0.017260733	0.025830066	0.017986524	0.025318611	0.01815326	0.025560459
0.016329189	0.026186644	0.017773841	0.025696197	0.01731663	0.025681551	0.017857091	0.025684668	0.018324963	0.026000083
0.016308434	0.026201804	0.017756491	0.025730256	0.017388001	0.025670459	0.017747401	0.025424582	0.018235869	0.026583732
0.016065634	0.025914498	0.017579349	0.025945771	0.017275099	0.025927796	0.017748641	0.025422978	0.018193053	0.025554224
0.016254032	0.026257398	0.017627611	0.0256151	0.017134234	0.025416457	0.017542387	0.025335546	0.018006794	0.025693702
0.019744907	0.026284399	0.017588499	0.026207911	0.017234523	0.026783373	0.017839903	0.02567076	0.01811834	0.025433844
0.018581011	0.025711896	0.017640462	0.025467509	0.01723	0.025767593	0.017675345	0.025661456	0.018240308	0.025873582
0.017619126	0.025507422	0.017540481	0.025679941	0.017052499	0.025507136	0.017495961	0.025764984	0.017983958	0.025748129
0.016840633	0.025875773	0.017562141	0.026432916	0.016946724	0.025890536	0.017533917	0.025530267	0.017821063	0.025368035
0.016366361	0.025522096	0.01727406	0.025554383	0.016886393	0.02580646	0.017334965	0.025318294	0.017801255	0.025739871
0.016282924	0.026576569	0.017251132	0.025772194	0.016976483	0.025647456	0.017096299	0.025467017	0.017881635	0.02535867
0.016259883	0.025818195	0.01743361	0.025461697	0.016673387	0.025528116	0.017276283	0.025484449	0.01775219	0.025537201
0.016297713	0.025528205	0.01726259	0.026020662	0.016832732	0.025702247	0.017121955	0.026178681	0.017596779	0.025566491
0.016050513	0.025874056	0.017044798	0.026041453	0.016725785	0.025319759	0.017098102	0.025778371	0.017708997	0.025967067
0.0159724	0.025936752	0.017075222	0.025887048	0.016781141	0.025463627	0.017161699	0.02570556	0.017623444	0.025507696
0.01578159	0.025671335	0.017127655	0.02600001	0.016565907	0.02583506	0.0171536	0.025577487	0.017644311	0.025736928
0.015731632	0.0259564	0.017186546	0.025656725	0.016665005	0.026332654	0.017314912	0.026119024	0.017453495	0.02558539
0.015740867	0.026884745	0.016862496	0.026012268	0.016619902	0.025430827	0.017137963	0.025406093	0.017385765	0.025660444
0.01578568	0.025963661	0.017100131	0.025570556	0.016502295	0.025711961	0.016802971	0.025669487	0.01736587	0.02546828
0.015507412	0.025670178	0.016934799	0.025651844	0.016330115	0.026322442	0.016897768	0.025700992	0.017278299	0.02558658
0.015545127	0.02580996	0.016734763	0.026684238	0.01645722	0.025780363	0.016915764	0.025498893	0.017227751	0.02562513
0.015518052	0.025723528	0.01685822	0.025886733	0.016262965	0.02598464	0.016789787	0.025674271	0.017238508	0.025765404
0.015532826	0.026129705	0.016778088	0.026007414	0.016188655	0.025680805	0.016722355	0.025496469	0.017063482	0.025648692
0.015461147	0.026246597	0.016655544	0.02604278	0.016263972	0.026062946	0.016687383	0.025703553	0.017044766	0.026050739
0.01539887	0.026007831	0.016657173	0.026048919	0.016143313	0.025886095	0.01665127	0.025688031	0.017191963	0.025539903
0.015205221	0.026004894	0.016663067	0.025658115	0.016148162	0.025806408	0.01667203	0.025608666	0.017028186	0.025363137
0.015231924	0.02580745	0.016595402	0.025813439	0.016187548	0.025973822	0.016676721	0.025480105	0.016940362	0.025505986
0.015274265	0.025866632	0.016509485	0.026121611	0.015951054	0.025914386	0.016624706	0.025791072	0.0170604	0.025805191
0.015340303	0.026132073	0.016638818	0.026067162	0.01616877	0.025636011	0.016519509	0.025677953	0.016905977	0.025504649
0.015231188	0.025792525	0.016408021	0.026988876	0.015868371	0.026216674	0.016562411	0.025481578	0.016803246	0.026063207
0.015090869	0.025691767	0.016460704	0.025945386	0.015848698	0.025975119	0.016245851	0.02591403	0.016888584	0.025961074
0.015078577	0.025739272	0.01650753	0.025746161	0.015781874	0.025830379	0.01634693	0.02602077	0.016727184	0.025502661
0.01500592	0.025883279	0.016297211	0.025672525	0.015755439	0.025866763	0.016393875	0.025726981	0.016586033	0.025573666
0.015100594	0.025922352	0.016275663	0.025821109	0.015736327	0.025806564	0.016248717	0.025977551	0.016591186	0.025714426
0.014992275	0.025780324	0.016333914	0.025894043	0.015766269	0.025779338	0.016223971	0.025489912	0.016574266	0.025564739
0.014958586	0.025637514	0.016473605	0.02593918	0.015712935	0.025980329	0.01624111	0.025582756	0.016455024	0.02577761
0.014993243	0.025963643	0.016256846	0.026253321	0.015743246	0.025817735	0.016065548	0.026021088	0.016561187	0.025728809
0.015010229	0.025942659	0.016170194	0.026101506	0.015602278	0.025708313	0.016184898	0.025739328	0.016632298	0.025474299
0.014989836	0.025616822	0.016067674	0.025958125	0.015580949	0.025671523	0.016042428	0.025698664	0.016462861	0.02593328
0.014871595	0.025789096	0.016153918	0.025855275	0.0154039	0.025893267	0.015939877	0.02571248	0.016434744	0.025618274
0.014747421	0.026193539	0.016101094	0.025846679	0.015379412	0.025774984	0.016033351	0.02586166	0.016432579	0.025911138
0.014716299	0.025912022	0.015922396	0.025922979	0.015448887	0.025886179	0.015882531	0.025841035	0.016218532	0.025748012
0.014661048	0.025933042	0.015877083	0.025876989	0.015362262	0.02582544	0.01592715	0.025707002	0.01634546	0.02579136
0.014636832	0.026278031	0.015888998	0.025852444	0.015215842	0.026218336	0.015861189	0.025773472	0.016307766	0.025518172
0.014645624	0.025848973	0.015882839	0.025887492	0.015343654	0.026409638	0.015913661	0.026166084	0.016230053	0.025810456
0.014728894	0.025798922	0.016037863	0.025610551	0.015250177	0.025927413	0.01587354	0.025967188	0.016048164	0.025774077
0.014666362	0.026160368	0.015742994	0.026196056	0.015212093	0.026348623	0.01581521	0.026016275	0.01617786	0.026097454
0.01472002	0.026069275	0.015797161	0.026224852	0.015180096	0.026106258	0.015842825	0.025980411	0.016139758	0.025870017
0.014643803	0.026004075	0.015768022	0.026074118	0.015065	0.02628657	0.015580528	0.026023661	0.016209567	0.025511561
0.014489255	0.026145669	0.015676718	0.025992628	0.015064551	0.026474465	0.015970829	0.025892218	0.01606515	0.025535878
0.014436399	0.025645891	0.015653244	0.02609002	0.014966183	0.025848508	0.01554842	0.026101078	0.016026957	0.025558868
0.014404053	0.026185532	0.015603643	0.025974228	0.014970951	0.02601874	0.015610832	0.025587748	0.015957537	0.025650805
0.014391089	0.026061858	0.015602204	0.026300412	0.014902207	0.02602638	0.015581865	0.025990193	0.015858709	0.025797536
0.014362504	0.02579645	0.015500754	0.025728741	0.014876649	0.02604128	0.015442902	0.025934977	0.015827432	0.025787519
0.014248876	0.026024257	0.015581961	0.025892053	0.014906576	0.026068973	0.015460395	0.025939382	0.015836419	0.025702515
0.014283027	0.02623082	0.015482487	0.025599197	0.014814819	0.026196973	0.015375294	0.025785558	0.015803959	0.025688924
0.014225753	0.026122575	0.015549948	0.026189739	0.014791259	0.025682486	0.015397748	0.025643339	0.01576746	0.025549239
0.014224769	0.026336328	0.01537627	0.025996994	0.01486703	0.026172149	0.015342584	0.025932284	0.015852049	0.025845487
0.014087722	0.025796937	0.015243988	0.025886937	0.014752405	0.026369095	0.015243425	0.025914999	0.015709831	0.025648558
0.01412249	0.025710909	0.015273569	0.026057125	0.014737505	0.026206683	0.015233718	0.025634579	0.015654017	0.025580361
0.014093122	0.025922854	0.015251924	0.02598642	0.014678763	0.025842022	0.015221901	0.025584012	0.015548103	0.025660444
0.014069837	0.026128851	0.015178272	0.025829407	0.014567569	0.026085922	0.015205247	0.025854535	0.015578726	0.025532886
0.014192803	0.025971726	0.015216822	0.025945785	0.014519727	0.025796168	0.015091735	0.025826997	0.015615714	0.025939337
0.013986801	0.02566283	0.015228684	0.025615665	0.014562959	0.026014353	0.015109594	0.025932492	0.01564921	0.025415344
0.013986011	0.025862859	0.01511675	0.026017769	0.014478056	0.026420464	0.015084195	0.025953485	0.015423374	0.026043207
0.013887263	0.026248833	0.015091508	0.026078455	0.014459732	0.026058093	0.01498482	0.026035424	0.015446104	0.025853174
0.014001312	0.025915171	0.015105703	0.026047391	0.014453506	0.026333108	0.014975074	0.026128925	0.015473494	0.025806994
0.013912157	0.026153973	0.015129213	0.026001847	0.014454891	0.026104071	0.0149139	0.02562797	0.015432206	0.02569771
0.013903388	0.026344651	0.014886285	0.025928104	0.014521478	0.025868977	0.014952792	0.025952093	0.015364966	0.025973043
0.013799828	0.025795482	0.014934245	0.025833691	0.014325837	0.026334994	0.015018608	0.026079059	0.015358342	0.026032218
0.013767982	0.026153758	0.01496942	0.025862447	0.01425907	0.025926693	0.014801924	0.026365231	0.015359448	0.025922094
0.013861006	0.026158056	0.014917485	0.025923276	0.014269174	0.026069483	0.01479041	0.0261018	0.015219513	0.02576959
0.013816248	0.026033252	0.014845599	0.025966905	0.014203163	0.026085665	0.014793011	0.025970224	0.015311795	0.025840147
0.013717851	0.025933531	0.014918713	0.025789164	0.014172214	0.025973809	0.014885133	0.025830017	0.015264575	0.025802688
0.013653404	0.02588618	0.014715927	0.025929908	0.01411466	0.02591442	0.014871174	0.02580536	0.015221703	0.025703308
0.013648069	0.026020182	0.014927628	0.026619978	0.014233427	0.025981517	0.014773521	0.026174844	0.015188021	0.025786581
0.013524541	0.025862453	0.014803791	0.026039069	0.014194149	0.026064331	0.014620302	0.025897996	0.015035325	0.025683588
0.013677279	0.026015485	0.014634174	0.02598115	0.014048458	0.026030103	0.014572693	0.026537245	0.015145645	0.025910341
0.013599785	0.026159053	0.014718078	0.026204457	0.014069683	0.026287543	0.014684147	0.026158915	0.015121795	0.02583806
0.013549671	0.026234767	0.014597645	0.026383476	0.013931849	0.026153943	0.01464931	0.026106732	0.015015106	0.025591261
0.01340757	0.025766102	0.014575942	0.026042641	0.014042606	0.026069029	0.014536852	0.026037734	0.01496079	0.025885795
0.013408702	0.026530332	0.014497965	0.026032109	0.013904047	0.026275827	0.014604369	0.025862245	0.014922029	0.026075214
0.013460238	0.02636905	0.014536616	0.026029696	0.01407506	0.02602483	0.014406846	0.02595917	0.015112989	0.025937342
0.013475778	0.025852364	0.014625166	0.026191046	0.013859484	0.026265483	0.014581619	0.026069961	0.014939874	0.02585009
0.013387881	0.026053989	0.01447752	0.025838704	0.013942962	0.026206014	0.014478593	0.026063314	0.014899155	0.025967402
0.013305947	0.026206669	0.014492859	0.026116746	0.013746365	0.026189565	0.014332395	0.026041887	0.015009882	0.025881614
0.013360042	0.026108536	0.014482381	0.026351325	0.013805856	0.026014571	0.014360208	0.026030106	0.014851514	0.026121757
0.013359488	0.02620728	0.014473661	0.025960772	0.013827266	0.026015047	0.014473736	0.025863523	0.014875129	0.02576203
0.013224581	0.026096826	0.014366679	0.025837225	0.013871612	0.026165919	0.014300576	0.026003586	0.014792061	0.025922435
0.013260568	0.026121912	0.014322254	0.026054414	0.013715789	0.02615995	0.014373692	0.026313373	0.014737491	0.026079455
0.013208551	0.026036437	0.014279541	0.026670845	0.013643707	0.026185493	0.014285104	0.026010662	0.014762908	0.025849293
0.013274929	0.026141032	0.014359945	0.026336838	0.013664901	0.026290723	0.014213753	0.026139696	0.014715683	0.025950477
0.01314096	0.026008994	0.014202462	0.026111451	0.013510129	0.026369184	0.014115733	0.025947543	0.014689726	0.025967327
0.013352879	0.026233358	0.01433919	0.026210851	0.013676429	0.026192745	0.014255244	0.025905129	0.01477029	0.025698061
0.013159745	0.026327343	0.014122248	0.026142358	0.013516867	0.026174802	0.01410634	0.026217895	0.014590688	0.025825858
0.013155652	0.026274489	0.014253933	0.025803644	0.013575843	0.026259532	0.014158331	0.026021657	0.01464445	0.025809667
0.013012635	0.026110688	0.014185547	0.02638307	0.013551974	0.02594816	0.014057921	0.025979261	0.014656969	0.025960479
0.013056044	0.026061184	0.014011233	0.026018498	0.013519141	0.025958219	0.014079132	0.025957377	0.014616925	0.026010665
0.013000679	0.026405814	0.014188467	0.026367728	0.013595635	0.02607212	0.013976999	0.026170809	0.0147582	0.025924969
0.01301202	0.026350795	0.014120056	0.026089681	0.013529045	0.026529135	0.014165373	0.025862615	0.014621106	0.02601022
0.012935132	0.02617049	0.01412808	0.02643893	0.013436313	0.026042592	0.01396734	0.026083092	0.014578429	0.025561306
0.013017435	0.026082498	0.014114106	0.025992155	0.013460275	0.026249087	0.013937027	0.026104438	0.01447391	0.025770106
0.012850814	0.026129839	0.014027222	0.026422409	0.013453339	0.026435029	0.013927527	0.025878959	0.014447918	0.025965976
0.012870612	0.02602208	0.014118415	0.026262639	0.013433262	0.026322178	0.013838039	0.026317674	0.014485124	0.026268901
0.012890217	0.026160934	0.014011345	0.026220119	0.013185332	0.026269338	0.013795712	0.025946084	0.014420827	0.026015722
0.0129219	0.026112999	0.014122097	0.025950925	0.013292965	0.026401204	0.013843696	0.026219309	0.014371593	0.025954068
0.012815525	0.026297764	0.013961342	0.026134394	0.013261615	0.026372027	0.013804018	0.026241873	0.014452171	0.026123286
0.012907353	0.02638955	0.013977712	0.026357689	0.013282393	0.026424809	0.013839479	0.026050167	0.014388741	0.026007741
0.012775616	0.026523715	0.013834541	0.026217427	0.013270993	0.026035855	0.013836667	0.026217557	0.014294667	0.025925536
0.012821049	0.026111557	0.013906483	0.026053816	0.013156219	0.026320464	0.013706201	0.02585871	0.014256502	0.025843902
0.01271613	0.026299042	0.01380325	0.026465671	0.013180802	0.026283954	0.013737147	0.025822834	0.014261499	0.026002828
0.012712353	0.026132539	0.013839655	0.026511527	0.01322972	0.02626914	0.01370201	0.026044127	0.014281799	0.0259545
0.012675616	0.026250017	0.013833156	0.02621272	0.013256358	0.026175924	0.013752189	0.026021246	0.014350499	0.025987231
0.01264544	0.025952451	0.013882783	0.02640191	0.013141194	0.026348164	0.013578918	0.026106238	0.014170502	0.025999583
0.012709708	0.026304744	0.013771114	0.026105621	0.013108512	0.026183014	0.013737709	0.026024829	0.014284643	0.025895637
0.01268471	0.026197283	0.013819352	0.026101711	0.0130838	0.026176966	0.013616299	0.02624696	0.014206114	0.026096822
0.01262747	0.026231804	0.013804386	0.026388372	0.013069133	0.026092084	0.013658598	0.025882344	0.014183326	0.026134719
0.012649891	0.026124666	0.013645836	0.025973614	0.013052797	0.026092959	0.013581509	0.026029943	0.014149586	0.026240846
0.012661866	0.026061343	0.013721734	0.026171362	0.012970501	0.026183226	0.013568479	0.026003562	0.014123543	0.025968054
0.012470477	0.026265559	0.013818068	0.025968653	0.013043419	0.02605484	0.013538347	0.026188395	0.014103703	0.026120806
0.012601599	0.026558815	0.013710215	0.026292705	0.012904342	0.026093317	0.013513096	0.026166591	0.014059683	0.02604834
0.01249925	0.026240241	0.013693139	0.026174745	0.012922673	0.026028759	0.013589264	0.026023032	0.014120883	0.026045187
0.012520458	0.02639298	0.013600713	0.026196587	0.012944391	0.026477131	0.013451565	0.026384971	0.013954391	0.02622131
0.012460278	0.02631975	0.013643241	0.02634829	0.012765918	0.026110517	0.013451691	0.026038838	0.014025264	0.026215467
0.012464062	0.026482368	0.013658276	0.026337323	0.013031087	0.02635403	0.013440328	0.026107196	0.013972063	0.025745722
0.012412937	0.026335243	0.01349303	0.026531758	0.012815056	0.026191472	0.013456426	0.026341745	0.014001723	0.025752047
0.012444118	0.026157815	0.013518504	0.02622417	0.012799779	0.026152436	0.013395627	0.025973947	0.013958547	0.025924184
0.012426895	0.026222984	0.01359266	0.026031166	0.012789762	0.026199525	0.013454835	0.026359152	0.013910231	0.026086139
0.012477794	0.026296323	0.01342913	0.026488114	0.012835286	0.026252617	0.013287321	0.026481182	0.013999293	0.026118335
0.01243485	0.02615109	0.013477316	0.02626638	0.012767109	0.026549544	0.013286923	0.026229653	0.01392732	0.025839023
0.012319637	0.026174314	0.013531882	0.026439413	0.01276225	0.026459331	0.013328745	0.026087985	0.013928495	0.025862063
0.012249438	0.026288155	0.013422502	0.026457603	0.012801636	0.026340593	0.013264099	0.026349258	0.013866749	0.025671798
0.012312955	0.026363335	0.013410092	0.02638636	0.012688956	0.026236604	0.013276214	0.026168372	0.013851771	0.025983044
0.012243715	0.026177807	0.013454506	0.026317074	0.012592963	0.026469971	0.013206436	0.026119246	0.013884864	0.026156018
0.012212769	0.026454619	0.01338831	0.026498389	0.012726543	0.026216008	0.013241504	0.02616031	0.013910904	0.026216058
0.012285429	0.02631114	0.013241366	0.026056078	0.012653015	0.026404418	0.013221546	0.026269589	0.013709362	0.025801136
0.012304842	0.026526468	0.013314572	0.026258569	0.012701812	0.026343023	0.013207721	0.026117985	0.013881777	0.025969797
0.012201091	0.026562028	0.013352422	0.026257542	0.012637015	0.026176905	0.01311784	0.026323511	0.013828278	0.025932543
0.012178263	0.026539654	0.013333131	0.026177231	0.012668227	0.026024526	0.013108068	0.026279246	0.01370061	0.025967848
0.012279875	0.026461775	0.013287704	0.026450315	0.012527983	0.026415514	0.012980217	0.026066841	0.013727225	0.026321554
0.012147879	0.026196631	0.013355001	0.02634486	0.012540629	0.026556506	0.013094857	0.026480993	0.013748278	0.026135933
0.012141194	0.02642119	0.013314102	0.025940845	0.01246653	0.026490056	0.013060444	0.026032303	0.013778408	0.026097812
0.012147004	0.026190888	0.013207658	0.026362104	0.012548783	0.026377835	0.013088701	0.026611199	0.013683169	0.02634305
0.012086906	0.026105765	0.013256603	0.026250792	0.012438772	0.02629127	0.013001213	0.026180264	0.013742498	0.025945852
0.012058257	0.026166709	0.013186387	0.026070055	0.012448659	0.026308285	0.013038763	0.026094096	0.013623261	0.02592903
0.012157656	0.026181208	0.013298267	0.026542651	0.012485037	0.026561327	0.01299833	0.026126955	0.013671548	0.026150467
0.012017888	0.025994855	0.013275468	0.026061891	0.012426448	0.026161968	0.013131769	0.026281007	0.013579223	0.026038433
0.012008186	0.026395864	0.013216617	0.026129257	0.012532899	0.026583427	0.012950426	0.026280402	0.01363585	0.026215138
0.01201025	0.026273564	0.013140547	0.026187599	0.012422603	0.026587016	0.013018034	0.026224692	0.013666118	0.026305566
0.012041612	0.02629685	0.013069384	0.026580386	0.012372318	0.026256233	0.013121351	0.026296192	0.01364674	0.025914279
0.012065685	0.026344371	0.013138137	0.026110151	0.01236222	0.026559798	0.012905804	0.026282832	0.013532276	0.026131396
0.012114604	0.026475268	0.013115476	0.026439753	0.012380725	0.026307752	0.012966385	0.02618666	0.013589204	0.025999391
0.012000439	0.026532891	0.013181567	0.02623875	0.012363085	0.02651581	0.012931155	0.026253549	0.013568608	0.025927359
0.011909545	0.026338194	0.013062327	0.026599754	0.012301647	0.026583164	0.01276377	0.026153984	0.013633912	0.026121764
0.011956789	0.026228466	0.01308045	0.026253583	0.012475964	0.026423565	0.012816662	0.02633971	0.013493195	0.026019423
0.011976174	0.026519615	0.013083571	0.026546984	0.012252765	0.026605718	0.012833861	0.026337246	0.013587518	0.025885989
0.011954017	0.026145537	0.01298433	0.026234004	0.0122888	0.026899379	0.012898602	0.026218715	0.013530389	0.026245669
0.011895763	0.026384549	0.013080566	0.026239687	0.012324443	0.026431552	0.012825668	0.026378357	0.013487459	0.026029823
0.011981553	0.02647031	0.013010508	0.026332964	0.012280695	0.026477652	0.01284578	0.026487135	0.013523278	0.026092017
0.01187862	0.026334343	0.012851828	0.026472039	0.012347806	0.026497416	0.012853651	0.026034208	0.013511427	0.026217066
0.01172726	0.026343882	0.013041046	0.026281358	0.012172866	0.026961994	0.012774939	0.026268193	0.01352006	0.026030077
0.011785091	0.026259805	0.012913455	0.026229543	0.012221522	0.026381879	0.012778601	0.026394331	0.013426647	0.026180239
0.01182858	0.026109225	0.012877812	0.026165912	0.012170485	0.026527465	0.012807445	0.02641168	0.013474166	0.026149019
0.011739129	0.026453154	0.012964698	0.02656259	0.012238505	0.026358854	0.012735918	0.026372605	0.013411132	0.026135531
0.011799873	0.026207451	0.012929918	0.026309531	0.012201508	0.02647632	0.012684467	0.026040335	0.013368381	0.026165893
0.011778464	0.026365888	0.012919487	0.026413924	0.012197826	0.026395014	0.012656761	0.026104426	0.013392321	0.025916483
0.011769485	0.026287532	0.012935586	0.026510675	0.012047032	0.026545327	0.012613498	0.026426216	0.0134671	0.026148759
0.011772438	0.026128121	0.012867892	0.026409515	0.01218119	0.026320222	0.012711045	0.026035921	0.013485944	0.025955172
0.011676803	0.026153757	0.012992611	0.02600654	0.012156546	0.026435528	0.012630168	0.026378918	0.01331663	0.026322576
0.011667739	0.026327766	0.012789228	0.026504641	0.012158367	0.02633377	0.012652022	0.025962446	0.013410662	0.026146422
0.011776637	0.026504932	0.012814144	0.0264199	0.012059366	0.026532084	0.01261316	0.026121363	0.013258174	0.026157097
0.011819115	0.026228287	0.01278692	0.026457339	0.012122053	0.026693508	0.012568346	0.026230758	0.013321176	0.026078367
0.011744481	0.026623863	0.012840337	0.026408444	0.012113535	0.026595444	0.012616858	0.026420364	0.013295737	0.026225927
0.011686276	0.026169027	0.012798954	0.026295792	0.012047042	0.026650318	0.012570459	0.026303765	0.013329461	0.026133348
0.01165702	0.026271824	0.012768808	0.026326189	0.012045397	0.026413936	0.012606874	0.026184733	0.013220067	0.025945949
0.011629867	0.026422093	0.012786346	0.026412953	0.012018559	0.026209982	0.012611187	0.026237961	0.013305825	0.026425231
0.011709693	0.026339539	0.012771832	0.026252164	0.012049047	0.026497126	0.012672874	0.026263389	0.013303432	0.026165742
0.011635997	0.026387824	0.012779914	0.026278911	0.012016047	0.026368781	0.012506162	0.026547869	0.013328776	0.026067722
0.011626479	0.026163747	0.012785202	0.026270566	0.011967411	0.026603318	0.012475541	0.02650949	0.01328201	0.02626932
0.011626418	0.026444231	0.012729699	0.026147548	0.012033551	0.026671013	0.012524824	0.026194709	0.013222482	0.025691268
0.011573554	0.026050692	0.012779094	0.026303934	0.011888751	0.02650349	0.01248749	0.026128976	0.013288026	0.02604217
0.011631368	0.026391019	0.012709635	0.026652942	0.011955537	0.026126217	0.012467433	0.026311378	0.013272436	0.026144282
0.01165978	0.026353594	0.012684779	0.026489122	0.011984361	0.02648825	0.01258567	0.02615387	0.013201871	0.026026866
0.011592476	0.026384617	0.012691914	0.026587346	0.011929923	0.026560886	0.012422635	0.026398515	0.013096122	0.026158352
0.011530645	0.026515513	0.012748295	0.026368029	0.011848767	0.026559236	0.012479336	0.026369566	0.013182555	0.026208733
0.011588005	0.026388391	0.0126518	0.026201684	0.011947548	0.026424421	0.01233925	0.026424897	0.013154479	0.026051706
0.011619861	0.02635547	0.012746681	0.026351736	0.011853855	0.026561083	0.0122983	0.026258406	0.013240024	0.026378754
0.011520878	0.026346877	0.012701511	0.02598968	0.011857048	0.026344865	0.012487951	0.026385887	0.013169112	0.026140256
0.011452789	0.02647257	0.01284624	0.026338407	0.011877711	0.026505486	0.012425041	0.026592398	0.013155652	0.026197045
0.011505048	0.0262854	0.012609819	0.026470965	0.011898388	0.026439205	0.012501362	0.026291175	0.013128288	0.026174675
0.011331722	0.026519027	0.012677117	0.026594593	0.011827972	0.026597332	0.012418564	0.026216664	0.01310434	0.026258956
0.011434251	0.026662839	0.012631621	0.026461463	0.011871637	0.026278803	0.012400943	0.026382598	0.013088506	0.026192677
0.011573717	0.026380531	0.012572306	0.026415112	0.01186587	0.026541831	0.012427476	0.026452912	0.01311226	0.026285926
0.011389825	0.026399648	0.012588966	0.026279703	0.011869436	0.026576733	0.012311756	0.026221239	0.013125977	0.025975123
0.011416379	0.026358599	0.012561542	0.026266689	0.01186522	0.026559553	0.012442136	0.02601058	0.012974566	0.026015169
0.011422696	0.026420672	0.012530479	0.026630615	0.011765056	0.026436587	0.012426578	0.026276746	0.013085482	0.026210587
0.011389158	0.026341583	0.012589182	0.026418321	0.011785895	0.026854563	0.01227965	0.026701601	0.01305201	0.025885182
0.011440366	0.026440657	0.012573565	0.026242955	0.011721243	0.026539409	0.012356109	0.026220217	0.013072237	0.025974792
0.01147864	0.026350668	0.012605344	0.02638369	0.011721458	0.026784413	0.012351419	0.026294622	0.013085711	0.026044319
0.011338311	0.026324728	0.012497479	0.026552353	0.011761248	0.026700469	0.012323521	0.026446205	0.013051886	0.026352002
0.011422299	0.02650863	0.012460377	0.02623495	0.011736608	0.026604868	0.012200153	0.026355783	0.013067689	0.026374775
0.011385626	0.026359334	0.012592928	0.02652146	0.011747504	0.026634529	0.012197707	0.026447645	0.012943403	0.026184995
0.011466496	0.02651015	0.012612855	0.026511265	0.011784286	0.026469233	0.012224966	0.026393865	0.013028474	0.026359734
0.01135321	0.026242327	0.012519269	0.02626783	0.011772529	0.026577999	0.012242642	0.02659392	0.013055898	0.026482146
0.011342958	0.026355669	0.012536699	0.026414759	0.011739218	0.026487881	0.012142514	0.026499208	0.012933928	0.026088661
0.011286071	0.026202669	0.012578263	0.026407471	0.011751841	0.026626589	0.012259178	0.026475875	0.012974784	0.025881289
0.011310945	0.026433722	0.012512029	0.026587689	0.011624825	0.026530131	0.012275751	0.026320251	0.013022885	0.026243274
0.011280761	0.026595359	0.012489631	0.026377143	0.011719494	0.026560348	0.012137737	0.026473821	0.01300686	0.026174894
0.011414845	0.026410665	0.012406399	0.026510405	0.011697938	0.026617383	0.012138231	0.026300614	0.012969144	0.026049754
0.011334431	0.026410749	0.012509791	0.02624848	0.011699516	0.026665023	0.012171949	0.02637548	0.012906549	0.026252142
0.011182114	0.026389352	0.012424904	0.026364786	0.011626601	0.026525385	0.012143906	0.026279653	0.012897276	0.025979887
0.011291517	0.026489205	0.012449592	0.02639941	0.011618723	0.026465209	0.012172538	0.026453546	0.012886681	0.026122338
0.011281109	0.02638336	0.012436729	0.026414731	0.011518633	0.026922718	0.012215677	0.026417388	0.012973072	0.026072749
0.011292606	0.026450492	0.012378766	0.026503789	0.011640793	0.026360545	0.012206121	0.026491717	0.012921686	0.026047689
0.011319445	0.026609803	0.012437921	0.026360281	0.011577484	0.02650613	0.012115972	0.026607806	0.01287764	0.026109164
0.011251857	0.026292061	0.012450276	0.02629677	0.011628085	0.026456534	0.01220592	0.026365088	0.012977301	0.02642771
0.011129126	0.026365073	0.012431677	0.026578889	0.011590274	0.02666574	0.012120911	0.026273472	0.013029388	0.026366807
0.011274854	0.026432973	0.012295581	0.026508351	0.011591224	0.026361481	0.012163409	0.026258089	0.01292307	0.026283879
0.011178604	0.026620502	0.01248472	0.026106934	0.011604126	0.026706567	0.012088582	0.02615452	0.012865686	0.026224226
0.01122867	0.026245766	0.01238822	0.026402876	0.011572911	0.026465879	0.012036779	0.026351386	0.012884764	0.026085287
0.011142959	0.02650046	0.012268064	0.026271846	0.011604174	0.026845183	0.012126952	0.02632604	0.012825782	0.026487851
0.01123375	0.026466083	0.012355318	0.02620719	0.011522886	0.026563848	0.012066942	0.026466478	0.012831743	0.026359896
0.011227254	0.026470912	0.012277755	0.026127921	0.011520702	0.026598374	0.012106994	0.026089819	0.012820854	0.026430279
0.011222876	0.026564279	0.012361817	0.02650754	0.011550482	0.02660642	0.012125868	0.026092902	0.012832877	0.02609509
0.01114831	0.026474974	0.012250782	0.02651264	0.011527015	0.026590026	0.011993742	0.026488427	0.012787297	0.026338944
0.01116568	0.026395452	0.012331762	0.026471517	0.01149537	0.026444076	0.011942727	0.026392325	0.012829053	0.026272315
0.011164542	0.026549734	0.012324303	0.026489727	0.011541229	0.026708643	0.011987591	0.026313584	0.01288036	0.026144118
0.011221667	0.026412409	0.012381386	0.026419268	0.011549666	0.026614821	0.012161087	0.026381038	0.012849334	0.026402497
0.011174485	0.02639515	0.012220197	0.026651199	0.01150795	0.026517621	0.012027923	0.026471258	0.012792947	0.026208526
0.011164252	0.026422384	0.012211122	0.026605072	0.011526904	0.026743584	0.011962348	0.026349352	0.012821432	0.026279346
0.011083355	0.026253073	0.012308131	0.026406344	0.011575662	0.026713449	0.012004953	0.026148333	0.012747557	0.026252082
0.011140752	0.026503063	0.012234284	0.026753149	0.011500291	0.026601441	0.01204057	0.026199311	0.012742975	0.026236888
0.01115634	0.026550138	0.012276029	0.026531	0.011505458	0.026492267	0.012016969	0.026583148	0.012823356	0.026275224
0.011165076	0.02653014	0.012231587	0.026387791	0.01144431	0.026479183	0.012003198	0.026402966	0.012828103	0.026135906
0.011109329	0.02662263	0.01217181	0.026493935	0.011483833	0.026538429	0.011919165	0.026327667	0.012757088	0.026347304
0.011001673	0.026583581	0.01228229	0.026333814	0.011370109	0.026800704	0.01198908	0.026365646	0.012723522	0.0263523
0.011119218	0.026712617	0.012301312	0.026587616	0.011482305	0.026491128	0.012028841	0.026438335	0.012746886	0.026045333
0.010992422	0.026239023	0.012229234	0.026642684	0.011288219	0.026543149	0.012011368	0.026483787	0.012751767	0.02613493
0.011097453	0.026713959	0.012201795	0.026588927	0.011437729	0.026791954	0.011984982	0.026168183	0.012796777	0.026115504
0.011108626	0.026281782	0.012212952	0.026550183	0.011347007	0.026748893	0.012106804	0.026409439	0.012732899	0.026173051
0.011084845	0.026531532	0.012250024	0.026694972	0.011386991	0.026766573	0.011938934	0.026494739	0.012744006	0.026037176
0.010998859	0.026641426	0.012141328	0.026571068	0.011292697	0.026396004	0.011994366	0.026395223	0.012755652	0.026373754
0.011041217	0.026455138	0.012106088	0.026557418	0.011387827	0.026507899	0.011880318	0.026339175	0.012768352	0.026331403
0.010990265	0.026343584	0.012174368	0.026395612	0.011397178	0.026630506	0.011958975	0.026524068	0.012645744	0.026228433
0.011059689	0.02657581	0.012211538	0.026464146	0.01139334	0.026298605	0.011929795	0.026611826	0.012755505	0.02597782
0.011149227	0.026630649	0.012214101	0.026261715	0.011416275	0.026575544	0.011965233	0.026724996	0.012667618	0.026256989
0.011110831	0.026504888	0.012249649	0.026571342	0.01138581	0.026563695	0.011884963	0.02638498	0.01269901	0.026267039
0.011150827	0.026650357	0.012173682	0.026572983	0.011364077	0.026601405	0.011864206	0.026472434	0.012633423	0.025965626
0.011118847	0.026346924	0.012050215	0.02657785	0.01135374	0.026703649	0.011911537	0.026545783	0.012687262	0.026332893
0.011050264	0.026338206	0.012140776	0.026543326	0.011340052	0.026744823	0.011872507	0.02624618	0.012649765	0.026307669
0.011111189	0.026425965	0.012077947	0.026489355	0.011329366	0.026643658	0.011848955	0.026454106	0.012677759	0.026029672
0.010936805	0.026561821	0.012143802	0.02655289	0.01126383	0.026594499	0.011870095	0.026461691	0.012744903	0.026091733
0.01102189	0.026508424	0.012117256	0.026636883	0.011248978	0.026583195	0.011884083	0.026481452	0.012641039	0.025985917
0.010983141	0.026549981	0.012089432	0.026616914	0.011207514	0.026702818	0.011865831	0.026641346	0.012733773	0.026228425
0.010966576	0.026525527	0.012201438	0.026390971	0.0113491	0.026436951	0.011820636	0.02659989	0.012629493	0.026157278
0.010962792	0.026269032	0.012103294	0.026481041	0.011336362	0.02666499	0.011867379	0.026635489	0.012652523	0.026418378
0.010994431	0.026449592	0.012195626	0.026526847	0.011328524	0.026600117	0.011915859	0.02623734	0.012715302	0.02634143
0.010984317	0.026509427	0.012155777	0.026321125	0.011283077	0.026358787	0.011857241	0.02654942	0.012638312	0.026217365
0.010953916	0.026361464	0.012085547	0.026300359	0.011325051	0.026383354	0.011821813	0.026531394	0.012654641	0.026257692
0.010932671	0.026321108	0.01212271	0.026597978	0.011282875	0.026397511	0.011813047	0.026300506	0.012518643	0.026467673
0.010995624	0.026419387	0.01204171	0.026497588	0.011249148	0.026723726	0.011871444	0.026201633	0.012660364	0.026161289
0.010899221	0.026505727	0.012084215	0.026434499	0.011270539	0.026670175	0.011808451	0.026688563	0.012691545	0.026269649
0.010908659	0.026177459	0.012047907	0.026399184	0.011261749	0.026633151	0.011708537	0.026322367	0.012675842	0.026423717
0.01090975	0.026462144	0.012018166	0.026210534	0.011321956	0.026592555	0.011811747	0.026183955	0.012547655	0.026484605
0.010994835	0.026634863	0.012064653	0.026679757	0.011304931	0.026547874	0.011748709	0.026432886	0.012576336	0.026391738
0.010910728	0.026610116	0.011981072	0.026711804	0.011126482	0.026765386	0.011754708	0.026419113	0.012613096	0.026223911
0.010887739	0.026474892	0.012005094	0.026527718	0.01125783	0.026578708	0.011763213	0.026354859	0.012734718	0.026245258
0.010867663	0.026466644	0.012121644	0.026574245	0.011277405	0.026430521	0.011792361	0.026296577	0.012591323	0.026264615
0.01097142	0.026741143	0.012049416	0.026430724	0.011285399	0.026578604	0.011766189	0.026418112	0.012648902	0.026406982
0.010931321	0.026473389	0.012069204	0.026449873	0.011233619	0.026785759	0.011803707	0.026218206	0.012477372	0.026432174
0.010937624	0.026624472	0.011992392	0.026589334	0.011207769	0.026487506	0.011841193	0.026364199	0.0125854	0.026384389
0.010902479	0.0263862	0.012081856	0.026610618	0.01117588	0.026460448	0.011767386	0.026695318	0.012531849	0.026237785
0.010816674	0.026595908	0.012103739	0.026462456	0.01125411	0.02658937	0.011684137	0.026553152	0.012562551	0.026317638
0.01095335	0.026336834	0.012012402	0.026376045	0.01116218	0.026639088	0.011742749	0.02663753	0.01254236	0.026501645
0.010872281	0.026494842	0.011957957	0.026509439	0.01125815	0.026592296	0.011711111	0.026455743	0.012561405	0.026203959
0.010864707	0.026653221	0.012005773	0.026531797	0.01120263	0.026647515	0.011768127	0.02638967	0.012580288	0.026325275
0.010878259	0.026809486	0.012092354	0.026595511	0.011145702	0.026574142	0.011762921	0.026592179	0.01258545	0.026088342
0.010843304	0.026585706	0.011985903	0.026693069	0.011190076	0.026622715	0.011800273	0.026326893	0.012514717	0.026159544
0.01085505	0.026536906	0.011949628	0.026598986	0.011232744	0.026879637	0.011720892	0.026706037	0.01256351	0.026271454
0.010880196	0.026638306	0.011990986	0.026349398	0.011279884	0.026503866	0.011728014	0.026299101	0.01253525	0.026297952
0.010888294	0.026773296	0.011987379	0.02662789	0.01112169	0.0265599	0.011698732	0.026330743	0.012652778	0.026409743
0.010808422	0.026417257	0.012107655	0.026479862	0.011198794	0.026594784	0.011655969	0.026503361	0.012602381	0.026426618
0.010834298	0.026623874	0.011967093	0.026633852	0.011145831	0.026615614	0.011759541	0.026333546	0.012566643	0.02631805
0.010897849	0.026410679	0.012010398	0.026597839	0.011131438	0.026501361	0.011635435	0.026557021	0.012482748	0.026107216
0.010907222	0.026491385	0.011885178	0.026644976	0.011153749	0.026502998	0.011761489	0.026496631	0.012582419	0.026382114
0.010848474	0.026505684	0.011933804	0.026554619	0.011134501	0.026643285	0.011690255	0.026510247	0.012509196	0.026026988
0.010866314	0.026652542	0.011890105	0.026361576	0.011112115	0.026708312	0.011666514	0.026459802	0.012550849	0.026333388
0.010828697	0.026484732	0.011907734	0.026492758	0.011163953	0.026525933	0.011654229	0.02654992	0.012558387	0.026373752
0.010803862	0.026459804	0.011976461	0.026515281	0.011116627	0.026548625	0.011669312	0.026610282	0.012535836	0.026434811
0.010871055	0.026645457	0.011983385	0.026403401	0.011189611	0.026768965	0.011658923	0.026530617	0.012437987	0.025885432
0.01086367	0.026649081	0.011901894	0.026331116	0.011126625	0.026684505	0.011725629	0.026477774	0.012420174	0.026260339
0.01076429	0.026792791	0.011924032	0.026387733	0.011097095	0.026633235	0.011603962	0.02641943	0.012341531	0.026422347
0.010797018	0.026470603	0.011911793	0.026537768	0.011226707	0.026919827	0.011777922	0.026502258	0.012538664	0.026145221
0.010890896	0.026718354	0.011963912	0.026478065	0.011121755	0.026582162	0.011606274	0.026625362	0.012456827	0.026307739
0.010787171	0.026480727	0.011996019	0.026370687	0.011198549	0.026434265	0.011657354	0.026509095	0.012501431	0.026252317
0.010729556	0.026414211	0.011966783	0.026632666	0.01111211	0.026476589	0.011658778	0.026478849	0.012400044	0.026132341
0.010844844	0.02646017	0.011939319	0.026352733	0.011169682	0.026680001	0.011580096	0.026589891	0.01252597	0.026234744
0.010847252	0.026556464	0.011977957	0.026679024	0.011064462	0.026649366	0.011630442	0.026627538	0.012540266	0.026352704
0.010839939	0.026622778	0.011924463	0.026281272	0.011076158	0.026753318	0.011566727	0.026398674	0.012495769	0.026376318
0.010819636	0.026455252	0.011943816	0.026442062	0.011083434	0.0265475	0.011514087	0.026404957	0.012551554	0.026442397
0.010840041	0.026355865	0.011960114	0.026442916	0.011043761	0.026765633	0.011590708	0.026412551	0.012425377	0.026261141
0.010745632	0.026537441	0.011872437	0.026237302	0.011127723	0.026684212	0.011582032	0.026243894	0.012430585	0.026315687
0.010695847	0.026670699	0.011934181	0.026617365	0.011074721	0.0266029	0.011565147	0.026603823	0.012431021	0.026185168
0.010759965	0.026368696	0.011846043	0.026488379	0.01114522	0.026489005	0.011620135	0.026548392	0.012393629	0.026377299
0.010714121	0.026208172	0.011850189	0.026335061	0.011201064	0.0266976	0.011539147	0.026606586	0.012488445	0.026274988
0.010830626	0.026660151	0.011772776	0.026772333	0.011153389	0.026658548	0.011596385	0.026475988	0.012452322	0.026353585
0.01067805	0.026628131	0.011863495	0.026224463	0.011017804	0.026595348	0.011652838	0.026538647	0.012452597	0.02626572
0.01073805	0.026605544	0.011924093	0.026335778	0.011063224	0.026781034	0.011622372	0.026387389	0.012516166	0.026303215
0.010841062	0.026435983	0.011863156	0.026582161	0.011079079	0.026790594	0.011664745	0.026492742	0.012436337	0.026272069
0.010689031	0.026713493	0.011814765	0.026520096	0.011065643	0.026573521	0.011639569	0.026667487	0.012440543	0.026084245
0.010642093	0.026572086	0.011900693	0.026686737	0.011001978	0.026937009	0.011558365	0.026236518	0.012589476	0.026256318
0.010721088	0.026377029	0.011901999	0.026624372	0.011132701	0.026729585	0.011661154	0.026420252	0.012429756	0.026261166
0.010697067	0.026737111	0.011823024	0.026530469	0.011077826	0.026518583	0.01156033	0.026444998	0.012447132	0.026265634
0.01072526	0.026415198	0.011932175	0.026530067	0.011123124	0.026676073	0.011478371	0.026489685	0.012404605	0.026094626
0.010763915	0.026446843	0.011870564	0.026433586	0.011031093	0.026586492	0.011578169	0.026406771	0.012407033	0.026376916
0.010727629	0.02657184	0.011729603	0.026505004	0.01097075	0.026730738	0.011614536	0.026398951	0.012387026	0.026286767
0.010739681	0.026599773	0.011837258	0.026694241	0.01107826	0.027032654	0.011532803	0.026424343	0.012486191	0.026121281
0.010717448	0.026614611	0.011878958	0.026553815	0.011078696	0.026952664	0.011477881	0.026787987	0.012517088	0.026219872
0.010757651	0.026479086	0.011879985	0.026484673	0.011004597	0.026647792	0.011594276	0.026469671	0.012437594	0.026212969
0.01075094	0.026500272	0.011769286	0.026414776	0.011063759	0.026616528	0.011473608	0.026434775	0.012395286	0.026499228
0.010693023	0.026497132	0.011867023	0.026633581	0.011083187	0.026570914	0.01167661	0.026599849	0.012360657	0.02633053
0.010683945	0.026403654	0.011862903	0.026688716	0.011035988	0.02674467	0.0114634	0.026489029	0.012426551	0.02634339
0.010664368	0.026683517	0.011865503	0.026846037	0.010982618	0.026457238	0.011568722	0.026315494	0.012329734	0.026130785
0.010743746	0.026577606	0.011878071	0.026453974	0.011085718	0.026561658	0.01154423	0.026399724	0.012363018	0.0264551
0.010679155	0.026520495	0.011818303	0.026624754	0.01100059	0.026516385	0.011569361	0.026212218	0.012404801	0.026365592
0.01067949	0.026454734	0.011838362	0.026366625	0.010945469	0.026538645	0.01158858	0.026423569	0.012412071	0.026185707
0.010673535	0.026373027	0.011842153	0.02662019	0.011116649	0.026650895	0.011435347	0.026532451	0.012459317	0.02642938
0.01067223	0.026461257	0.011741868	0.026770235	0.010987597	0.026677358	0.011456653	0.026458977	0.012417124	0.026102379
0.010677307	0.026489683	0.011893956	0.026808457	0.01098484	0.026882756	0.011494624	0.026409979	0.012436372	0.026290485
0.010590237	0.026594304	0.011787737	0.026931135	0.010898532	0.026692493	0.011507624	0.026513394	0.012341442	0.026390195
0.010744702	0.026639893	0.011763955	0.026558379	0.010956809	0.026672919	0.011488171	0.026501104	0.012368838	0.026393599
0.010683709	0.026441529	0.011905416	0.026599439	0.011042685	0.026765281	0.011439984	0.026519842	0.012372197	0.026439308
0.010684957	0.026434007	0.011760336	0.02669844	0.011068167	0.026768	0.01147341	0.026464415	0.012433831	0.02639926
0.010752289	0.026700399	0.01186981	0.026649254	0.01098326	0.026582302	0.011513574	0.026658742	0.012421312	0.026350811
0.010652147	0.026430807	0.011842765	0.026629149	0.010989793	0.026796344	0.011448258	0.026391815	0.012426599	0.026235388
0.010690692	0.026272364	0.011792968	0.026759182	0.01103186	0.026615885	0.011503321	0.026392145	0.012510213	0.026376794
0.010676472	0.026604477	0.011841189	0.026528183	0.011068923	0.026437939	0.011457241	0.026404236	0.012468997	0.026225263
0.010630935	0.026598116	0.0117543	0.026592634	0.011013876	0.026573182	0.011566527	0.026470032	0.012362338	0.026370186
0.010599307	0.026445597	0.011809287	0.026472842	0.010975863	0.026884242	0.011547905	0.02631241	0.012423868	0.02613256
