0.144307216	0.073991225	0.149825456	0.085073261	0.138552585	0.060002716	0.130233978	0.056172018	0.146131326	0.061079147
0.080446367	0.06387105	0.068702433	0.059314093	0.072812164	0.054424419	0.061038382	0.101363103	0.074139618	0.061780658
0.064938183	0.054806463	0.062835933	0.05056345	0.066648056	0.044607002	0.069177489	0.045748148	0.070026444	0.048765697
0.060391338	0.072801388	0.057998737	0.046811799	0.057740942	0.047023784	0.056718422	0.051210498	0.056821171	0.050774291
0.054042213	0.061329944	0.051832087	0.075132106	0.053605044	0.048401355	0.05119531	0.040815673	0.055163174	0.066551643
0.052059201	0.043330527	0.05349398	0.042250516	0.05382104	0.04616201	0.051069304	0.050116564	0.055915186	0.078167192
0.050366951	0.044305441	0.049292135	0.065927079	0.049295746	0.048154565	0.048377719	0.053031973	0.050136706	0.070254605
0.04635584	0.080660733	0.050923434	0.044231223	0.046782915	0.041182702	0.048459968	0.047010534	0.046473422	0.039599645
0.048031118	0.049015626	0.044321426	0.03989834	0.045737438	0.049711982	0.047931244	0.048089961	0.045744861	0.039467304
0.043564628	0.045938503	0.049767772	0.049698133	0.044160969	0.041020522	0.050399058	0.049859233	0.049216887	0.044967016
0.044880428	0.04907653	0.044388307	0.038683206	0.043381693	0.039634889	0.043996593	0.045340331	0.042892499	0.038960429
0.044205717	0.043140721	0.044826843	0.047221288	0.043032726	0.040403461	0.043509499	0.042712315	0.04294829	0.042291222
0.043596224	0.051231677	0.043387679	0.039544057	0.043159882	0.044564905	0.044145949	0.042029203	0.043209533	0.040098116
0.041835471	0.049716579	0.040249189	0.038413127	0.041333228	0.038423751	0.041851603	0.040776966	0.041694311	0.037860792
0.042780697	0.038718613	0.039937513	0.043787416	0.044426334	0.053990108	0.041056541	0.040893419	0.040146875	0.037417913
0.040035503	0.047806336	0.039390726	0.059376399	0.042215639	0.050893114	0.041018767	0.055149645	0.039942958	0.039523728
0.042207267	0.048661123	0.041263277	0.044463349	0.040802127	0.042637731	0.038856578	0.036517689	0.038850459	0.037945154
0.040973843	0.041581218	0.040594805	0.038040607	0.040120112	0.036515901	0.163154874	0.053958583	0.03915718	0.039607903
0.040020647	0.037243343	0.04175042	0.045128513	0.038339217	0.045825032	0.074697802	0.048452079	0.038820013	0.040416487
0.039439333	0.036830882	0.039059031	0.039564176	0.038086601	0.04217736	0.065598603	0.044076409	0.040399766	0.037447949
0.037929516	0.037972164	0.037417507	0.037201021	0.164248065	0.072696474	0.049826073	0.04648648	0.036361309	0.037205619
0.038790119	0.043553846	0.037283645	0.036562102	0.072475617	0.053992659	0.049287815	0.05651448	0.036490522	0.036082964
0.036894072	0.041096362	0.041049915	0.046768375	0.060945901	0.071246171	0.045399964	0.03902908	0.041964981	0.036447535
0.06779938	0.042784452	0.039274938	0.036230904	0.055777985	0.044966189	0.045732667	0.038224606	0.037859394	0.037496007
0.040475276	0.03714472	0.037023704	0.040130045	0.054418042	0.050998905	0.044637433	0.08509984	0.03670766	0.035061137
0.03811324	0.03737964	0.036152506	0.040182644	0.074049466	0.05598806	0.042217203	0.046903034	0.03710095	0.035169327
0.037815493	0.03528872	0.035533119	0.035282124	0.041881784	0.037931712	0.041836652	0.05176014	0.035888025	0.036250379
0.035686852	0.039641094	0.036393668	0.035930988	0.040195352	0.041964603	0.043882558	0.040745084	0.035901645	0.042350778
0.035588559	0.037642183	0.034966262	0.03738623	0.03892723	0.039728926	0.067775355	0.048093396	0.038177374	0.035682825
0.035652219	0.038391077	0.035004151	0.03526817	0.038649168	0.039966056	0.050012911	0.037791069	0.035775729	0.035227092
0.034517848	0.036299941	0.034918842	0.039400418	0.037553247	0.040201194	0.040773762	0.03799204	0.038735915	0.046632084
0.034223982	0.034917158	0.035691134	0.037069939	0.047538484	0.049932323	0.042368273	0.03654762	0.038376572	0.037286371
0.034537399	0.037026916	0.036794447	0.040802676	0.056336232	0.052501416	0.039459731	0.039775965	0.03714004	0.036096143
0.033768833	0.034878226	0.035611092	0.036411149	0.053907752	0.046911181	0.040152342	0.03749339	0.036010186	0.035345721
0.033905384	0.035673952	0.033644467	0.03580343	0.051715226	0.05202052	0.038438198	0.036751666	0.045266266	0.04092261
0.033870087	0.034166667	0.034473354	0.035222594	0.044172421	0.043927874	0.038081677	0.038868428	0.077514085	0.047113705
0.034579592	0.036471041	0.03346255	0.034495169	0.049033505	0.03707554	0.03857777	0.036226946	0.041917955	0.036870662
0.033607282	0.034771444	0.216342497	0.126553536	0.040656574	0.041903319	0.038569008	0.039137269	0.036388571	0.035331744
0.033219894	0.035794048	0.0899025	0.117748703	0.040579658	0.081346978	0.037651426	0.03658303	0.036487613	0.035441063
0.032918798	0.036745562	0.069703027	0.03982418	0.053156064	0.059270127	0.03766207	0.037738993	0.036045227	0.044382487
0.032243781	0.035715938	0.042391402	0.038491022	0.045627219	0.050095541	0.03579431	0.039226194	0.037113689	0.034912569
0.031769225	0.034504553	0.04154307	0.049885591	0.040958021	0.042727354	0.036684788	0.03512003	0.035199027	0.035297545
0.032596122	0.033738101	0.044502195	0.046501721	0.036839655	0.041202722	0.036618463	0.037152334	0.034522277	0.035918013
0.03176052	0.036090648	0.043292101	0.037506562	0.042703653	0.036248056	0.03575652	0.041273775	0.034740073	0.036205625
0.032103503	0.033379208	0.042628313	0.035247668	0.037881214	0.03784845	0.035840081	0.035186536	0.033475212	0.035645386
0.031725761	0.034428833	0.116617299	0.245647414	0.036876868	0.042942333	0.034818026	0.042750714	0.034321103	0.03835011
0.031313635	0.0340692	0.131813351	0.13779029	0.035568472	0.038873889	0.034430939	0.035453907	0.034184943	0.035322147
0.031157381	0.033653716	0.081879903	0.067045475	0.036160189	0.039947601	0.034180213	0.035561269	0.035107036	0.036513548
0.030906318	0.03553521	0.064459539	0.072789139	0.04074763	0.051080109	0.034219219	0.041771103	0.033534142	0.038855298
0.03059931	0.035726822	0.077568275	0.115823754	0.040112055	0.046426642	0.034605082	0.034582602	0.033350779	0.033252145
0.030244781	0.033432729	0.05556544	0.053838859	0.035622698	0.035324024	0.033847934	0.035177179	0.032224862	0.036047088
0.029981598	0.033275201	0.053066993	0.044212997	0.033585992	0.040037338	0.033952094	0.035413894	0.032479684	0.037548058
0.030170717	0.033987284	0.052592591	0.041615297	0.033765564	0.034320553	0.033137508	0.038312071	0.032256889	0.03427395
0.030181359	0.033194075	0.056526614	0.058878119	0.033864746	0.03740937	0.033166462	0.035690492	0.034558385	0.035295004
0.02966432	0.034419112	0.052694861	0.053481837	0.03315331	0.035307629	0.0335364	0.034626466	0.032186914	0.035972681
0.029464829	0.033238528	0.051845252	0.046238004	0.038206194	0.043163745	0.032528345	0.038834007	0.032365157	0.036419098
0.029246905	0.034474242	0.049301828	0.049201207	0.035805449	0.04133751	0.032687745	0.036588761	0.031451094	0.033901218
0.029310534	0.034382824	0.046516045	0.066477423	0.035768769	0.043842725	0.033320158	0.038654279	0.031531364	0.033728715
0.028958187	0.033081937	0.052389407	0.040128528	0.036205115	0.042400755	0.03240326	0.035665322	0.031403555	0.033741309
0.029214814	0.033621931	0.047003018	0.065768768	0.036498316	0.037589867	0.032654984	0.0407339	0.031182541	0.034064549
0.028400715	0.033148997	0.042318651	0.038937039	0.035331696	0.038714383	0.032290914	0.034733635	0.030915384	0.033677541
0.028239899	0.033434268	0.039275319	0.039200154	0.03525351	0.047747042	0.031641006	0.034253047	0.034360937	0.034706954
0.028255111	0.033333876	0.038176285	0.041350822	0.03437264	0.039871983	0.031305818	0.033637574	0.032061818	0.037560759
0.028169597	0.033574339	0.040156334	0.039559822	0.034765226	0.048623226	0.031267895	0.034446447	0.030591821	0.034605397
0.028497582	0.033052934	0.037888498	0.037688312	0.035650634	0.034157007	0.03132	0.034643728	0.03061932	0.035557559
0.028042571	0.032731589	0.041481435	0.04137737	0.033670634	0.036766613	0.031279615	0.033688693	0.030802823	0.033794642
0.028634166	0.033450692	0.041461162	0.039444949	0.037854266	0.039487983	0.031195705	0.034809562	0.030216968	0.033336854
0.090679798	0.124663153	0.040751957	0.038206751	0.032818636	0.035364236	0.030886506	0.036639275	0.030245601	0.033718933
0.074237632	0.048981015	0.039470333	0.037386543	0.033634216	0.034964413	0.030924322	0.033576904	0.030173255	0.033579413
0.064280576	0.061264233	0.035487109	0.036393297	0.032229731	0.037805122	0.030723106	0.034120388	0.030819219	0.033614163
0.052102889	0.054629297	0.043112552	0.042149344	0.033187913	0.039888663	0.030726009	0.033482219	0.112227542	0.080107912
0.050284211	0.057172383	0.045169468	0.052902808	0.032525325	0.038070113	0.030186077	0.034201966	0.077017095	0.054236127
0.048096441	0.057028553	0.041408792	0.037028323	0.032197348	0.035341959	0.030150028	0.034632829	0.063679771	0.062631047
0.045629662	0.046188595	0.038150004	0.035532093	0.031784605	0.034502968	0.029799009	0.034424753	0.048166122	0.050056699
0.046463264	0.059382844	0.038647337	0.035813532	0.031095848	0.034807894	0.030077332	0.033484335	0.051536287	0.08302129
0.046054633	0.048789981	0.037635616	0.03847431	0.031151664	0.039503119	0.029699647	0.033103228	0.050958294	0.039029008
0.042914487	0.045316556	0.03657838	0.035048031	0.031721197	0.040038134	0.029905231	0.033837125	0.049758271	0.040862311
0.037756377	0.045323602	0.033475805	0.038472946	0.032835724	0.033930036	0.029477351	0.033950891	0.051211837	0.046832583
0.039489599	0.039627016	0.033726099	0.035528344	0.032112905	0.035215166	0.029442529	0.033974266	0.051603827	0.045528573
0.040684757	0.059449941	0.037249781	0.036157635	0.032038518	0.046392817	0.029878596	0.037398117	0.047260662	0.038322509
0.040659941	0.047317024	0.035644678	0.034268859	0.031195223	0.033386754	0.028827262	0.033272372	0.04362587	0.038400598
0.038987102	0.042716029	0.035144356	0.034526685	0.031174807	0.033838546	0.028890605	0.033151385	0.041519201	0.041526551
0.037746249	0.048190437	0.03481113	0.034320586	0.030605083	0.033183688	0.029004843	0.034375814	0.039594367	0.0496157
0.037626906	0.045732609	0.03552302	0.037310038	0.030767906	0.036272768	0.02884106	0.034207891	0.039682304	0.043378879
0.037031851	0.046922059	0.035743157	0.039335031	0.030941727	0.035664462	0.028761161	0.033222586	0.040973869	0.039439702
0.03713693	0.043022891	0.034725403	0.043539227	0.030293485	0.034149591	0.028460526	0.033897502	0.040404526	0.046074815
0.037834394	0.04770396	0.034851482	0.049725077	0.029763899	0.033764929	0.028553352	0.033460931	0.039029335	0.036840149
0.03876379	0.044557618	0.033224232	0.040853513	0.03037759	0.034651137	0.028540924	0.034062507	0.037531081	0.036954964
0.040428008	0.047191281	0.034996306	0.035936692	0.030184431	0.045033838	0.028608212	0.036590013	0.036779546	0.040454215
0.0368473	0.042470334	0.037304451	0.037627594	0.030929722	0.035846577	0.02812039	0.033593874	0.039736099	0.044039499
0.034728009	0.040585472	0.032751159	0.036558589	0.030874754	0.036384937	0.028113932	0.035539916	0.037258192	0.038122677
0.034530221	0.045258712	0.033241534	0.036112441	0.029299181	0.034445343	0.028051313	0.03684495	0.035631363	0.036841883
0.034842883	0.045346776	0.033194724	0.034121382	0.029871369	0.037232338	0.027799016	0.032881123	0.035261023	0.04371004
0.034925293	0.036075897	0.030750069	0.037417145	0.029597203	0.033191352	0.028014886	0.034216118	0.036781381	0.039000483
0.034284309	0.03868257	0.032846443	0.034778229	0.028558747	0.034294328	0.027856205	0.032907798	0.035674535	0.037401015
0.038332708	0.034519019	0.033292433	0.036599573	0.028975688	0.033678517	0.027664988	0.033781319	0.036303745	0.041973706
0.035368887	0.03410602	0.032775703	0.033934254	0.029364128	0.033546969	0.027678454	0.033510696	0.039009628	0.037777226
0.033561854	0.034813424	0.032664721	0.03582025	0.028703145	0.035965236	0.027772528	0.033023045	0.035322522	0.03509846
0.033270877	0.034229903	0.03202708	0.035657131	0.029386484	0.039182264	0.027588206	0.033057045	0.034736852	0.039192008
0.035338803	0.034289286	0.032259619	0.034552824	0.029043089	0.033986508	0.027628535	0.033278705	0.034759911	0.035135285
0.033185779	0.035656435	0.032306113	0.036718359	0.028348665	0.035510362	0.027381097	0.033624626	0.035471399	0.039533283
0.032579117	0.035290475	0.032443501	0.033726268	0.028445347	0.034978718	0.027040273	0.033036298	0.035532105	0.041401605
0.03265733	0.037042716	0.031796257	0.03359704	0.028210424	0.033672173	0.027077094	0.033014129	0.034200584	0.040144548
0.033329788	0.036098094	0.03194788	0.034613344	0.028610373	0.034520369	0.027073407	0.033933442	0.033586441	0.040859735
0.033727302	0.034803573	0.031638677	0.033753936	0.028219511	0.033485797	0.026784143	0.032782381	0.034857493	0.038459229
0.032213569	0.034282625	0.034265767	0.037963768	0.02754483	0.034935744	0.026861538	0.038914155	0.034324967	0.040145795
0.032949596	0.047803482	0.031831882	0.033767834	0.027886956	0.034871925	0.026782251	0.032777818	0.033340738	0.035804238
0.033746452	0.036905508	0.031929161	0.036020572	0.028440932	0.033276297	0.026867754	0.034093727	0.033749344	0.037497069
0.03268944	0.038121884	0.030946567	0.034031262	0.027844163	0.033023215	0.026754844	0.033368833	0.033849863	0.037421964
0.031587794	0.034025122	0.032376427	0.034528349	0.027566676	0.040552914	0.026957967	0.033368437	0.036016925	0.040148852
0.032924244	0.033163523	0.030273448	0.033560936	0.027574384	0.033064408	0.026465337	0.033735713	0.03312609	0.035078047
0.031241578	0.037853127	0.030822454	0.04154472	0.027211169	0.033969387	0.026371325	0.032692079	0.033100974	0.03563903
0.030171844	0.034445409	0.030854725	0.034769311	0.027255684	0.033084372	0.026266305	0.032928069	0.031986901	0.036813758
0.030134519	0.034379948	0.030626512	0.033736024	0.02734595	0.042369899	0.026569241	0.032732293	0.032436518	0.035943081
0.030659444	0.038286166	0.030455136	0.034727933	0.030960796	0.033746134	0.026249884	0.033082807	0.03201592	0.03438596
0.031118342	0.034444153	0.029729863	0.036777182	0.027218114	0.033218081	0.026216077	0.032740046	0.031801853	0.033948202
0.030356097	0.033372245	0.030333262	0.032911844	0.026759778	0.033303088	0.025993077	0.033076605	0.031946548	0.035644491
0.031378644	0.033549638	0.030068233	0.036218371	0.026661734	0.03376891	0.026032313	0.033865153	0.032343044	0.040548168
0.030156041	0.033909422	0.031920932	0.034987107	0.026488317	0.033780873	0.025830467	0.033547867	0.034388533	0.034622457
0.032201184	0.035586792	0.028804474	0.033858378	0.026988819	0.033909896	0.026580515	0.032761705	0.032541386	0.039425139
0.029835633	0.033678069	0.029141437	0.033571369	0.026682	0.035150569	0.026327032	0.03326954	0.031561527	0.037302714
0.029884035	0.036500492	0.02950335	0.037648999	0.026555658	0.033365032	0.026156748	0.033026283	0.033838693	0.041247859
0.029777522	0.034706273	0.028644568	0.033550926	0.025972713	0.033507783	0.02578448	0.03313485	0.032092365	0.035114846
0.02858537	0.034316524	0.028905466	0.035291435	0.026212012	0.033167218	0.026150202	0.033686731	0.030971964	0.040736981
0.028998686	0.042700184	0.028383899	0.034188065	0.026461137	0.033694802	0.025670543	0.032765791	0.031587752	0.041925682
0.030709837	0.033524412	0.028705837	0.034141085	0.025678038	0.033402434	0.025593247	0.033444546	0.032186396	0.036014587
0.030357808	0.034903999	0.028537068	0.033963752	0.026187775	0.034664554	0.025455752	0.032919688	0.030734958	0.035756309
0.030003853	0.03373218	0.028770472	0.036805342	0.026220385	0.035346379	0.02555914	0.034636959	0.030915768	0.03990757
0.028487769	0.033971753	0.028980608	0.033291345	0.026084715	0.034770279	0.025591604	0.032834516	0.030702342	0.039088089
0.02866573	0.038746936	0.028164809	0.033534185	0.025719225	0.033836594	0.025406299	0.032899947	0.031341688	0.034395301
0.028285477	0.037014539	0.028631642	0.037034937	0.025732742	0.033563843	0.02542015	0.033191355	0.030165331	0.041297488
0.029187311	0.035163393	0.028352055	0.033018397	0.025821677	0.033911048	0.025340948	0.033003469	0.02976388	0.035004419
0.028493155	0.035796044	0.027808296	0.035129166	0.02538308	0.0345059	0.025198345	0.033085243	0.030019063	0.036676955
0.027993882	0.033000937	0.028477734	0.033345269	0.025740613	0.033198135	0.025342844	0.033095905	0.029811931	0.034080525
0.027875082	0.033443751	0.028254654	0.033393429	0.025354851	0.033594949	0.025081924	0.032688386	0.029935579	0.033833694
0.029141475	0.032934961	0.028370512	0.033056898	0.02538319	0.033189535	0.024982298	0.033213828	0.029553439	0.03490026
0.028463471	0.034275301	0.028110476	0.032759059	0.025355399	0.033475619	0.024965286	0.03282168	0.030523467	0.034981745
0.027549955	0.033210056	0.028654508	0.032750899	0.025390876	0.033472428	0.024921377	0.033297571	0.029593686	0.034474983
0.028702073	0.034647564	0.027936607	0.032956582	0.025558965	0.034106322	0.025090438	0.033029447	0.029269715	0.03358309
0.02825069	0.033648676	0.028340884	0.034344061	0.025176611	0.033307336	0.024901916	0.032902431	0.030283292	0.035283984
0.027931766	0.034934133	0.028657655	0.038139764	0.025355033	0.033324107	0.024700384	0.033784503	0.028930887	0.034955929
0.028053761	0.03330626	0.027676691	0.034562419	0.025347551	0.033151822	0.02460138	0.032937206	0.029908374	0.035447329
0.027581508	0.03369193	0.027520967	0.033515259	0.025149493	0.033099978	0.024657008	0.03311706	0.029319983	0.033887102
0.026893649	0.034020071	0.027829466	0.034761353	0.024950128	0.03602382	0.024607467	0.03307832	0.029157166	0.033509115
0.027429633	0.033344075	0.027547184	0.035212158	0.024688523	0.033044275	0.024580052	0.032541113	0.02897757	0.041272652
0.026719903	0.035954755	0.027389783	0.032944141	0.024454128	0.033549996	0.024358222	0.033080261	0.029993591	0.037554117
0.026895055	0.033787289	0.027318803	0.037884407	0.024905594	0.034547786	0.024446037	0.033073316	0.028708794	0.033613626
0.026463753	0.033168259	0.028311223	0.033214985	0.02468948	0.03384793	0.024460428	0.033072186	0.028770599	0.033679208
0.026796848	0.035662654	0.027352346	0.0331865	0.024440068	0.033358583	0.024497005	0.03346423	0.028971335	0.035778118
0.02657703	0.033544598	0.027781557	0.033484522	0.024276839	0.033073301	0.024584462	0.032799665	0.028975104	0.034523273
0.026564604	0.034953509	0.027355569	0.034863116	0.024482444	0.033323598	0.024073206	0.032489344	0.028825506	0.033526466
0.026889443	0.032840719	0.027198597	0.033475513	0.0245789	0.035218548	0.024020203	0.033124609	0.028043066	0.036119034
0.027072086	0.033534037	0.02715398	0.033083161	0.024092964	0.033766849	0.024144595	0.033315003	0.028264182	0.033960091
0.026097042	0.037040859	0.027875436	0.033513191	0.024114989	0.032598814	0.023971939	0.032847175	0.028178673	0.033437658
0.026776563	0.035990005	0.027603261	0.032771083	0.02414392	0.033304652	0.023916309	0.033344058	0.027985936	0.034502368
0.026672789	0.035537342	0.027183378	0.033626101	0.02414446	0.033032659	0.023792131	0.032990892	0.028726058	0.033439087
0.026524005	0.033192226	0.026963318	0.033375069	0.023965764	0.033412012	0.023897521	0.032743276	0.028928629	0.034093904
0.026216606	0.033162245	0.026743641	0.032842426	0.023941637	0.033987305	0.023924764	0.033102328	0.028073657	0.035865533
0.026198592	0.033135047	0.026887414	0.035285749	0.024178171	0.034014605	0.023810989	0.032747656	0.027960081	0.034070173
0.025879823	0.033201875	0.027302177	0.034541318	0.0246896	0.033360901	0.023707376	0.032777296	0.028330289	0.033990829
0.025997295	0.032631013	0.026614681	0.033255345	0.023770189	0.034323909	0.023567558	0.032554069	0.027635027	0.034269562
0.025748193	0.032810699	0.026707218	0.033037278	0.023556274	0.032919465	0.02356881	0.032876888	0.027972642	0.033653025
0.025565466	0.032864494	0.026778231	0.032571831	0.023678766	0.032773747	0.023584278	0.032618538	0.027509356	0.038185697
0.025850419	0.033269748	0.026531428	0.032786541	0.023423843	0.033348424	0.023606699	0.032828293	0.027488672	0.034186474
0.025684575	0.034054909	0.02631185	0.032368477	0.023373434	0.032704048	0.023474404	0.033371655	0.027728996	0.033870344
0.025141079	0.033052518	0.026821536	0.03270687	0.023388741	0.033776337	0.023390499	0.03292748	0.027148421	0.03503854
0.025986962	0.033188923	0.026544235	0.033166061	0.023372125	0.032898771	0.023497477	0.032802445	0.027313537	0.033351077
0.025143851	0.033244535	0.026456654	0.032713086	0.023659778	0.033612	0.023302678	0.032673909	0.027352481	0.034424638
0.025261145	0.033404521	0.025984778	0.03278925	0.023593567	0.033683903	0.023398922	0.032966606	0.027226907	0.034433263
0.025431818	0.032615989	0.026001892	0.032827456	0.023351304	0.033988102	0.023326249	0.032557614	0.027496428	0.033522378
0.024840306	0.032369916	0.025727665	0.03292181	0.023317936	0.033464082	0.023272108	0.032723299	0.026990007	0.033474689
0.025011958	0.036919954	0.025953538	0.032779289	0.023066186	0.034465209	0.023203382	0.032769756	0.026946394	0.034932033
0.024907371	0.032806798	0.025499911	0.032671175	0.023115308	0.03337951	0.023080982	0.032812729	0.026876366	0.035661178
0.025120005	0.035309402	0.025747759	0.036936794	0.02312224	0.033238875	0.023104355	0.032596765	0.026943277	0.034503869
0.025182557	0.032640432	0.026082972	0.033828993	0.022898478	0.03304649	0.023080519	0.032695665	0.026921932	0.033675539
0.024711662	0.032959419	0.025575479	0.033203371	0.023001617	0.033452857	0.022997818	0.032759694	0.026986791	0.034161377
0.025248407	0.032447792	0.025590719	0.033820844	0.022820283	0.033612287	0.022929244	0.032928334	0.027172619	0.034882247
0.024536364	0.033109444	0.02550287	0.033355229	0.022912976	0.035154798	0.023031524	0.032647322	0.026416404	0.033575313
0.02445986	0.033993407	0.025546946	0.033031755	0.023014661	0.033519407	0.022937122	0.03253401	0.026579289	0.035954558
0.02440703	0.034059122	0.025465265	0.032766062	0.022757171	0.033303516	0.022859344	0.032996109	0.02651375	0.033911332
0.024495029	0.034644452	0.025702747	0.032797207	0.022666385	0.033127465	0.022770809	0.032742902	0.026204586	0.033346726
0.024749623	0.032461096	0.025449213	0.032431136	0.022574018	0.034538873	0.0228059	0.033209767	0.026178319	0.035814934
0.024483704	0.032940105	0.025290671	0.03402723	0.022528784	0.033030972	0.022700242	0.033006477	0.026239831	0.033511724
0.024852018	0.032547707	0.025251212	0.032767404	0.022435931	0.033087301	0.022754774	0.033005966	0.026214937	0.034787026
0.024534584	0.032451425	0.025574413	0.032467265	0.022462447	0.033036914	0.022700167	0.032909183	0.026146986	0.0344821
0.024354961	0.032895726	0.025276653	0.034683163	0.022457034	0.033022392	0.022641158	0.032881425	0.026163323	0.03718943
0.024240346	0.032498181	0.025510332	0.033040818	0.022415575	0.032750074	0.022594607	0.033246264	0.026332152	0.033804342
0.024153414	0.033077515	0.025437431	0.032875464	0.022408751	0.033215332	0.022612149	0.032844384	0.026268051	0.033402778
0.024116	0.032385601	0.02545523	0.035533969	0.02231654	0.033188397	0.022561457	0.033092789	0.026126194	0.033133694
0.024107354	0.032753868	0.025192457	0.033864402	0.022363332	0.032896171	0.022522867	0.032671867	0.026077721	0.033978046
0.023888954	0.034096512	0.025141882	0.032363843	0.02214221	0.03399228	0.022509437	0.032783752	0.025795522	0.033719448
0.023805578	0.033139684	0.024861084	0.032682657	0.022263881	0.033052783	0.022537181	0.032862315	0.026159907	0.034288876
0.023884867	0.034172713	0.025000794	0.032943714	0.022000292	0.033165273	0.02240469	0.032731717	0.026179939	0.033553332
0.023939229	0.03245281	0.024864928	0.03361949	0.02215449	0.032878168	0.022327176	0.032772318	0.026091157	0.035445922
0.023703502	0.032834126	0.024842251	0.033030642	0.022134296	0.033456696	0.022470052	0.033264804	0.025933583	0.03404768
0.023514449	0.033347497	0.024922294	0.032994659	0.02194659	0.033855454	0.022329937	0.032754277	0.025695524	0.033165287
0.023839008	0.034315797	0.024829449	0.032399899	0.022007097	0.033067144	0.022276997	0.033318391	0.025735089	0.035262236
0.023683588	0.032852725	0.024535001	0.033777429	0.021949751	0.033403392	0.022301429	0.03311716	0.025467039	0.035897377
0.023457198	0.032699309	0.02458514	0.033133613	0.021842961	0.033031618	0.022266328	0.033881539	0.025749842	0.033734451
0.023284713	0.032167309	0.024374358	0.032559667	0.021835813	0.033094504	0.022213609	0.032881476	0.025595988	0.033508365
0.023239217	0.032932023	0.024382507	0.033820288	0.021642087	0.033049259	0.02210774	0.032934033	0.025440205	0.034466405
0.023351151	0.033207876	0.024415438	0.032629276	0.021805995	0.033562701	0.022148345	0.03272065	0.025517582	0.033297496
0.023347138	0.032376625	0.02427894	0.03283255	0.021610244	0.033058235	0.022021344	0.0327347	0.025453838	0.033450966
0.023119987	0.032711794	0.024225743	0.034009693	0.021685377	0.033154055	0.022097743	0.032925365	0.025142793	0.033982576
0.023160791	0.032398129	0.024491405	0.032462397	0.021566914	0.033639507	0.022026301	0.033027206	0.025136612	0.033698199
0.023464531	0.032640851	0.024239744	0.03252491	0.021653381	0.032893733	0.021966052	0.033074517	0.025065077	0.033803893
0.023216886	0.033223826	0.024285101	0.033071458	0.021506171	0.032645111	0.02199098	0.03239685	0.025235063	0.033562871
0.02361079	0.032797827	0.024191731	0.032570458	0.021461264	0.033880117	0.022038717	0.033215695	0.02523242	0.033640959
0.023170668	0.033152691	0.024299381	0.036140221	0.021503319	0.034614539	0.02189136	0.033043243	0.025153333	0.033815279
0.023122001	0.032576234	0.024182992	0.032590506	0.021507168	0.032874362	0.02190611	0.032756236	0.025389541	0.033918268
0.023147732	0.03316629	0.023994484	0.03357822	0.021467007	0.033280748	0.021810917	0.032727772	0.024910914	0.033164101
0.022937544	0.032563409	0.024027534	0.033353517	0.021465923	0.033211351	0.02185338	0.033093	0.025099346	0.03330566
0.022765832	0.03364505	0.024127342	0.032957931	0.021336684	0.033953316	0.02181587	0.03242441	0.024820783	0.033422844
0.022968327	0.033157932	0.024227203	0.032576395	0.021396684	0.033638019	0.021818661	0.032548238	0.024876317	0.033319507
0.02297715	0.03335606	0.024008676	0.033674246	0.021342808	0.033573165	0.021837217	0.03280409	0.024750952	0.033403617
0.022737201	0.032652092	0.024026982	0.032343426	0.021257736	0.033307098	0.021723854	0.032787684	0.024777582	0.033640588
0.022781491	0.03278585	0.023841352	0.032547565	0.021210916	0.033433701	0.021660272	0.03313804	0.024969966	0.033453267
0.022780382	0.033012856	0.023858759	0.032446674	0.021162908	0.03296873	0.021598845	0.03302202	0.024886055	0.034060082
0.022727826	0.032614584	0.02373867	0.03276066	0.021367798	0.03291222	0.021625124	0.032726439	0.024664462	0.033294455
0.022543631	0.032871935	0.023781732	0.033063558	0.021120735	0.033039292	0.021624266	0.032994331	0.024851941	0.033881356
0.022552846	0.032422908	0.023609789	0.032571511	0.021172662	0.03333034	0.021562147	0.033262558	0.024555435	0.033826877
0.022492187	0.032643416	0.023788085	0.032797676	0.021037936	0.032619127	0.021570186	0.032596729	0.024709304	0.033272061
0.022606522	0.033617334	0.023819912	0.033702144	0.020943353	0.033560671	0.021545281	0.032685846	0.024459584	0.033280034
0.022455808	0.032633208	0.023495756	0.032879537	0.020908764	0.033477534	0.021473647	0.032722265	0.024599304	0.033121827
0.022265728	0.032378173	0.023713652	0.032426163	0.020909347	0.033769288	0.021492553	0.032879907	0.024433432	0.033131005
0.022410833	0.032387642	0.023521872	0.032519223	0.020937869	0.033285356	0.021428882	0.032950998	0.024719827	0.033090958
0.022261345	0.032574125	0.023297956	0.032588519	0.02077797	0.033149618	0.021457427	0.03266162	0.024371998	0.033111703
0.022371877	0.032382571	0.023503526	0.032664306	0.020847819	0.033052118	0.021396	0.032972126	0.024392584	0.033427547
0.022179642	0.032971185	0.023369603	0.032341916	0.020729202	0.033399113	0.021454498	0.03301071	0.024329417	0.033299432
0.022469136	0.032494455	0.023486608	0.033062131	0.020897761	0.033168737	0.021443573	0.032570249	0.02424824	0.033372425
0.022275903	0.032590597	0.023449635	0.032828137	0.020704238	0.033394585	0.021346228	0.032993155	0.024278153	0.033114986
0.022260289	0.032542359	0.023403596	0.032739678	0.020790676	0.033173954	0.021241936	0.032949568	0.024209447	0.033108129
0.021985245	0.033158614	0.023363036	0.032711509	0.020612103	0.03341979	0.02134282	0.033010319	0.024042207	0.033231538
0.022078164	0.032634255	0.023328439	0.032652307	0.020618757	0.032836441	0.02130047	0.033049751	0.02418778	0.032941227
0.021896681	0.032631076	0.02338123	0.032861946	0.020604863	0.03346391	0.021243615	0.032730396	0.024149778	0.033558214
0.022071041	0.032678095	0.023162616	0.032703761	0.020643218	0.032959637	0.02127361	0.03270183	0.024156432	0.033468388
0.022082965	0.033124144	0.023234457	0.032567118	0.020496295	0.033657668	0.021179532	0.032912655	0.024010474	0.033471795
0.021981788	0.034944648	0.023213917	0.032912203	0.02050153	0.032914604	0.021197011	0.033112724	0.023965284	0.033873359
0.021985575	0.032953592	0.023016794	0.032545746	0.020515682	0.032568284	0.021200914	0.032809572	0.023985136	0.033223132
0.022155981	0.033276065	0.023098785	0.032911027	0.020550027	0.033016126	0.02117107	0.033025819	0.023930216	0.033623833
0.021768378	0.033183071	0.022950993	0.032773371	0.020417855	0.03325588	0.021126095	0.033059971	0.023850505	0.033488809
0.021781522	0.032782579	0.022862605	0.032416991	0.02039273	0.033394278	0.021160938	0.033175444	0.023811741	0.033358065
0.022013361	0.032562412	0.022870497	0.03248511	0.020566258	0.033005997	0.021088516	0.032918915	0.023714895	0.03314038
0.021634979	0.032482836	0.022884776	0.032604782	0.020228811	0.03315665	0.021054361	0.032884201	0.02389776	0.033430834
0.021640717	0.032744965	0.022925954	0.032594111	0.020413284	0.033006679	0.021059139	0.032821754	0.023823741	0.03378348
0.021819526	0.032668662	0.022809836	0.032929745	0.020358892	0.033159468	0.021055491	0.032915383	0.023715232	0.03321386
0.021669723	0.032970011	0.0227757	0.03292941	0.02035475	0.032818475	0.020981714	0.033020816	0.023681179	0.033171382
0.021769474	0.032530165	0.022848111	0.032748429	0.020322794	0.033571321	0.021064143	0.03296893	0.023804425	0.034336702
0.021608114	0.033697147	0.022880061	0.03246548	0.0203519	0.033421453	0.020948264	0.033015396	0.023747591	0.033854473
0.021602849	0.032618191	0.022816461	0.032686523	0.020227281	0.03307578	0.020928084	0.032816811	0.024000785	0.033087784
0.021555655	0.032342231	0.022698262	0.032663627	0.020182696	0.033100392	0.020903912	0.032877728	0.023536211	0.033847739
0.021624229	0.032264436	0.02259263	0.032871691	0.020213432	0.033137613	0.020885175	0.03276659	0.023576315	0.034560148
0.021516109	0.032691045	0.022554946	0.032682384	0.020213924	0.033814585	0.020852573	0.033128551	0.023429251	0.033238912
0.021377018	0.03244569	0.022666665	0.032476596	0.020135773	0.03305404	0.020867536	0.032956341	0.023503776	0.034431003
0.021527354	0.032558437	0.022564154	0.0324911	0.020136971	0.033128644	0.020892003	0.033155811	0.023426662	0.033377408
0.021373083	0.032836176	0.022714579	0.032789721	0.020055991	0.033407512	0.020813606	0.033094801	0.023462796	0.033867816
0.021314498	0.032680769	0.022555109	0.032603763	0.020121715	0.033287012	0.020880663	0.032603387	0.02345903	0.033453072
0.021323445	0.032761561	0.022585867	0.032474775	0.019983823	0.033488357	0.020804001	0.032745058	0.023419891	0.03310129
0.021480368	0.032844673	0.022529425	0.032551368	0.020026508	0.033137818	0.020843134	0.033079561	0.023372521	0.033161918
0.02128058	0.032380658	0.022488294	0.032653696	0.020117069	0.033094788	0.020774561	0.03309889	0.02342648	0.03364061
0.02127351	0.032303289	0.022394334	0.032684302	0.01994138	0.03297742	0.020808357	0.032941302	0.023317717	0.033311468
0.021250553	0.032723872	0.022487981	0.032667514	0.019896217	0.033038049	0.020738881	0.033243727	0.023268483	0.033548033
0.021248549	0.032626689	0.022387414	0.032735096	0.020003419	0.03362968	0.020640031	0.033086574	0.023205994	0.033551733
0.021400157	0.032606905	0.022254309	0.032925549	0.019888898	0.03307194	0.020719787	0.033051369	0.023282872	0.03530352
0.021262595	0.03282497	0.022457744	0.033024736	0.019855081	0.032991672	0.020691933	0.033136485	0.023418137	0.033428884
0.021210383	0.032607731	0.022461779	0.032810132	0.019934146	0.033397669	0.020643919	0.033011868	0.023348253	0.033700924
0.021113493	0.032750654	0.022476768	0.033334932	0.019846413	0.033463265	0.020602472	0.033103965	0.023303571	0.034974772
0.021220033	0.03265891	0.022334938	0.033017717	0.019760325	0.033196682	0.020706249	0.032785675	0.02325621	0.033356174
0.021098424	0.032839471	0.022430154	0.032924086	0.019829338	0.033450546	0.020623629	0.032948767	0.023056976	0.034010882
0.021086793	0.033362455	0.022435529	0.032684231	0.019805181	0.032923001	0.020582267	0.033151681	0.023290455	0.033981623
0.021181508	0.032396264	0.022205796	0.032605935	0.019745407	0.032713511	0.020600623	0.032919468	0.023255169	0.033422756
0.020965616	0.032789601	0.022170816	0.032762298	0.019678168	0.03323178	0.020567153	0.032948517	0.022991841	0.033139818
0.021000987	0.033462779	0.022361084	0.032765171	0.01965252	0.033284459	0.020538252	0.032842663	0.023077672	0.03378282
0.021109059	0.032653025	0.022171489	0.03266854	0.019652632	0.033173007	0.020506907	0.032911812	0.022940375	0.033662562
0.020923064	0.032582276	0.022254123	0.032661901	0.019644828	0.033472546	0.020540535	0.032927718	0.022957411	0.033516038
0.020948313	0.032845715	0.022295291	0.032503037	0.019705109	0.033265569	0.020541076	0.0329424	0.022900853	0.033777887
0.021086393	0.03252317	0.022255962	0.03238433	0.01967599	0.033472291	0.020551698	0.032821026	0.022949168	0.033312523
0.020998784	0.032779373	0.022139965	0.033213573	0.019568375	0.032959693	0.020486242	0.032998658	0.022937249	0.033608665
0.020934931	0.032863381	0.02224137	0.032578696	0.019633143	0.032932809	0.020530888	0.032868597	0.0229567	0.033830533
0.02088837	0.032563602	0.022064157	0.032757286	0.019604073	0.03339443	0.020515899	0.032828411	0.022877427	0.033689582
0.020897159	0.032513783	0.022003949	0.033988462	0.019550163	0.033085154	0.020425014	0.032830068	0.022881776	0.033415581
0.020811672	0.032866755	0.022002074	0.032580027	0.019490403	0.033295155	0.02041605	0.032940561	0.022818323	0.033164345
0.020844626	0.032431104	0.022001154	0.032602026	0.019503536	0.033178236	0.020383318	0.033103263	0.022836276	0.033387542
0.020831413	0.032649749	0.022060874	0.033163448	0.019442871	0.03305347	0.020434959	0.032984125	0.022808389	0.033557797
0.020744261	0.032389198	0.021957323	0.033045975	0.019491487	0.033236245	0.020427279	0.032854294	0.022804908	0.03381229
0.020947643	0.032642017	0.022100799	0.032776654	0.019507445	0.032947594	0.020390999	0.032851168	0.02274112	0.033234986
0.020750699	0.032971166	0.021911057	0.033217902	0.01939351	0.033140199	0.020384995	0.032912141	0.022680881	0.033206675
0.020848743	0.033163899	0.022026858	0.032757519	0.019384895	0.033085751	0.020347259	0.032888211	0.022702975	0.034719525
0.020723062	0.032562456	0.021910953	0.032600686	0.019497951	0.033178346	0.020368599	0.033450953	0.022806565	0.033297789
0.020660183	0.032778189	0.021938653	0.032819806	0.019423148	0.032959982	0.020308997	0.032921505	0.022766119	0.033635234
0.020697496	0.032491251	0.021918796	0.033658903	0.019358247	0.033051536	0.020317883	0.03294164	0.022688571	0.033509492
0.020568274	0.032115305	0.021836068	0.032592891	0.019387336	0.033484877	0.020210841	0.033133617	0.022616536	0.033743667
0.020702422	0.03268339	0.021778441	0.033051715	0.019399651	0.032923837	0.020277414	0.033020976	0.022671793	0.033367634
0.020601395	0.032669137	0.021899672	0.032638906	0.019325112	0.03330681	0.020313999	0.032794125	0.022749533	0.033192196
0.020566333	0.032751375	0.021882739	0.032739492	0.019304414	0.033117949	0.020221731	0.033002607	0.022499104	0.033090133
0.020652173	0.032470349	0.021746891	0.032675506	0.019295259	0.033477237	0.020208655	0.03293808	0.022604039	0.033466172
0.020590413	0.032530824	0.021794486	0.032675906	0.019256643	0.033033841	0.020230201	0.033106305	0.022582996	0.032916695
0.020557513	0.032391359	0.02175345	0.033102481	0.019257362	0.033403242	0.020218457	0.033159663	0.022514073	0.033019513
0.020649362	0.032558162	0.021745116	0.032916639	0.01926124	0.033359947	0.020228504	0.032897941	0.022513485	0.033557764
0.020521788	0.032982272	0.021787791	0.032557287	0.019212641	0.033149999	0.020249804	0.032608223	0.022404237	0.03314643
0.020452044	0.032486423	0.02192323	0.032565859	0.019188314	0.033299031	0.020197837	0.032790284	0.022485218	0.033334536
0.020418482	0.032418094	0.021599559	0.032692595	0.01928376	0.033304309	0.020134273	0.032903269	0.022436038	0.033338117
0.02049756	0.032899778	0.021763594	0.032545318	0.019195515	0.033360149	0.020182187	0.032900485	0.022361695	0.033135639
0.020427852	0.032596122	0.021655312	0.03266874	0.019074794	0.033168341	0.020120208	0.033332039	0.022553852	0.032979989
0.020443464	0.032598219	0.02161676	0.032696744	0.019140778	0.033220778	0.020112712	0.032908622	0.022442073	0.033209888
0.020397574	0.032507295	0.021664978	0.032802533	0.019080455	0.033166773	0.020143904	0.033025556	0.022415823	0.033231911
0.020355322	0.032651381	0.02164529	0.032517927	0.019122566	0.033684846	0.020126708	0.032949615	0.022424693	0.033715237
0.020380587	0.032618502	0.02154097	0.033197308	0.019110844	0.033215535	0.020115235	0.033042297	0.022391817	0.033371833
0.020349739	0.032691272	0.021603874	0.032672742	0.019102781	0.033396156	0.020124931	0.032967341	0.02244711	0.033524466
0.020390039	0.032869595	0.021623398	0.033090657	0.01905498	0.033116058	0.020049775	0.033298497	0.022306268	0.033294389
0.020321282	0.032704794	0.021553442	0.032687717	0.019034357	0.033151542	0.020071343	0.033248623	0.022303389	0.033306828
0.020334816	0.032698161	0.021488288	0.032636758	0.019040631	0.033320154	0.020131257	0.032899306	0.022343299	0.033560396
0.020326668	0.032632453	0.021462262	0.03279881	0.018954626	0.03315015	0.020073513	0.033011442	0.022323705	0.033177973
0.020299297	0.032593258	0.021503206	0.032417907	0.018971832	0.033527359	0.020080393	0.033068319	0.022283009	0.033097258
0.020278864	0.032590669	0.021499878	0.032669658	0.019050947	0.033195705	0.020068595	0.032889857	0.022227184	0.03348308
0.020342165	0.032864693	0.021449122	0.032839026	0.018936716	0.033017777	0.019988801	0.03299415	0.022263809	0.03333957
0.020293185	0.03298223	0.021474766	0.032536059	0.018943521	0.033236439	0.020079413	0.033006468	0.022247747	0.033556483
0.0202563	0.032602543	0.021419923	0.032805242	0.018924276	0.033234442	0.019975655	0.0332633	0.022187074	0.033448798
0.020146112	0.032312318	0.021447463	0.032766906	0.018902796	0.03312309	0.020005305	0.033050639	0.022268823	0.033185388
0.020255603	0.032568774	0.021498615	0.032881896	0.018922151	0.033302391	0.020050559	0.033209444	0.022244451	0.033517825
0.020209916	0.033003699	0.021372738	0.032614455	0.018854655	0.033284009	0.020023681	0.032978499	0.022164904	0.033095802
0.020203389	0.03274986	0.021368472	0.0325591	0.01887771	0.033346093	0.019985497	0.032925215	0.022156406	0.033557493
0.020120143	0.032737931	0.021424885	0.032678346	0.018907223	0.033064229	0.019924943	0.03324037	0.022072999	0.033150438
0.020203901	0.032801375	0.021473479	0.032763446	0.018912557	0.033298045	0.019951101	0.032743613	0.022125784	0.033128332
0.020139508	0.032828315	0.021301258	0.032846706	0.018882528	0.033410097	0.019902052	0.033076824	0.02214263	0.033116193
0.020213828	0.03279802	0.021354491	0.032921905	0.01889311	0.03314579	0.019980277	0.033156909	0.022111479	0.032978571
0.020140157	0.032995561	0.021412419	0.032803958	0.01887598	0.033894816	0.019920086	0.032917876	0.022069291	0.03371297
0.020175847	0.032492832	0.021326188	0.032834237	0.018793155	0.033274634	0.019924149	0.032905789	0.022055278	0.033456097
0.020156642	0.032875102	0.021337233	0.03247461	0.018806216	0.033547913	0.019911749	0.032965431	0.02206838	0.033374282
0.020087599	0.032646887	0.021337975	0.032679829	0.018771286	0.033140462	0.019931843	0.033048694	0.022008814	0.033692153
0.020095351	0.032422815	0.021338911	0.0324496	0.018762175	0.033297059	0.019869171	0.032884371	0.022053935	0.033117866
0.020172475	0.032606614	0.021249194	0.032781459	0.018742473	0.033088297	0.019932112	0.032866232	0.022112259	0.033358756
0.020058544	0.032601156	0.021296911	0.032623646	0.018772416	0.032839623	0.019884605	0.03286499	0.022034952	0.033704486
0.020044472	0.032545622	0.021263239	0.032660849	0.018701742	0.032991776	0.019900264	0.033085357	0.021987495	0.033295526
0.019975858	0.032493318	0.021207043	0.03257316	0.018791469	0.03369171	0.019884381	0.033217019	0.021898991	0.03357193
0.020022395	0.032658645	0.021237564	0.032870836	0.018690838	0.033386906	0.019898057	0.033099388	0.0219783	0.033590693
0.019981913	0.032408004	0.021223863	0.032744229	0.018773288	0.033082527	0.019780026	0.033162639	0.021914068	0.033063713
0.020039752	0.03265016	0.021209646	0.033025408	0.018725024	0.033447763	0.019836546	0.033170784	0.021908809	0.033144519
0.020000782	0.032923354	0.021266874	0.032587048	0.01867674	0.033285501	0.019882442	0.032980276	0.022052633	0.033366922
0.019913624	0.032563964	0.021212295	0.032559511	0.018681002	0.033457734	0.019825218	0.033154033	0.021988788	0.033239548
0.019932997	0.032726921	0.021137452	0.032621743	0.018737646	0.033243386	0.019865654	0.033199584	0.021929554	0.032977395
0.019999844	0.032577569	0.021187776	0.032753736	0.018683983	0.033172329	0.019865011	0.03303514	0.021882612	0.033483547
0.019928003	0.032857898	0.021204109	0.032644403	0.01858272	0.033438917	0.01979237	0.032946063	0.021915142	0.033221636
0.019959041	0.032640252	0.021138857	0.032463638	0.018551266	0.033456942	0.019763334	0.03324695	0.021876286	0.033172843
0.019914098	0.032566422	0.021187877	0.032687273	0.018619094	0.033204045	0.019837264	0.033087423	0.021724799	0.033381228
0.019857558	0.0327691	0.021127044	0.032654199	0.018587469	0.033312758	0.019773841	0.03284189	0.02187383	0.033498801
0.019846381	0.033021223	0.021227564	0.032476293	0.018619457	0.033430512	0.019770239	0.033169859	0.021941606	0.033393591
0.019832144	0.032915061	0.021061083	0.032371951	0.018599653	0.033138201	0.019756958	0.033173115	0.021837704	0.033327876
0.019837977	0.032484315	0.021150132	0.032764708	0.018638206	0.033142909	0.019742185	0.032852564	0.021842783	0.03343583
0.019859798	0.03286324	0.021140633	0.033078787	0.018647462	0.033441972	0.019775516	0.03271264	0.021843133	0.033292476
0.019747971	0.032641147	0.021106063	0.032681191	0.018530592	0.032777842	0.019656398	0.033107705	0.021778013	0.03335643
0.019903399	0.032808876	0.021025181	0.032766512	0.018535126	0.033502877	0.019813609	0.033073675	0.021830071	0.033374279
0.019789061	0.032840936	0.021045504	0.032594919	0.018494859	0.033282027	0.019698964	0.033197307	0.021849344	0.03338341
0.019855553	0.032661938	0.021078865	0.032565667	0.01847877	0.033189837	0.019793053	0.033151362	0.021788281	0.033383654
0.019882726	0.032630482	0.021042482	0.032655778	0.018565226	0.033585357	0.019756181	0.033148289	0.021766411	0.033064897
0.019820302	0.032780111	0.020998173	0.032565809	0.01853128	0.033142899	0.019660646	0.033103297	0.021767218	0.033269704
0.019895283	0.032699159	0.021096111	0.03323015	0.018512436	0.033134026	0.019792832	0.033214087	0.021784062	0.033612202
0.019780063	0.033018923	0.021028646	0.032717457	0.018448129	0.033165966	0.019718271	0.032911914	0.021883703	0.033382412
0.019772053	0.032614056	0.020980123	0.032752911	0.018508141	0.033352848	0.019700409	0.033354773	0.021762309	0.033253868
0.019746065	0.032646757	0.020945524	0.032616714	0.018494476	0.033445999	0.019713606	0.033132371	0.021789884	0.03324139
0.019770036	0.032555896	0.021060528	0.032804965	0.018485249	0.033395581	0.01967043	0.033038729	0.021623759	0.033185126
0.019661176	0.032581461	0.021003291	0.032747207	0.018402071	0.033303235	0.019706344	0.033167027	0.021677231	0.033596907
0.019698814	0.03276575	0.020991743	0.03271425	0.018472844	0.033346622	0.01962539	0.033062698	0.021657358	0.033443722
0.019727518	0.032611264	0.020901325	0.03257646	0.018469511	0.033250285	0.019668387	0.033112664	0.021672698	0.033322771
0.01965991	0.032681839	0.021021276	0.03284221	0.01845224	0.033130968	0.01963237	0.033070265	0.021703109	0.03340828
0.019655449	0.03264211	0.020931701	0.03270206	0.018469992	0.033188859	0.019690207	0.033196135	0.021626982	0.033167567
0.019682408	0.032326421	0.02098284	0.032615854	0.018430905	0.033408049	0.01964671	0.03328191	0.021674368	0.033364238
0.019715319	0.032668277	0.020925487	0.032603132	0.018384677	0.03350234	0.019654009	0.032975166	0.021589123	0.033270637
0.019755421	0.032666219	0.020930108	0.032569127	0.018465108	0.033334451	0.019556606	0.033207644	0.021697234	0.033365568
0.019736641	0.032672042	0.020936914	0.032647056	0.018334007	0.033198661	0.019648959	0.033225208	0.021677231	0.033071309
0.01969601	0.032659158	0.020935994	0.033096341	0.018418078	0.033161878	0.019630283	0.033308114	0.021632655	0.033512449
0.01962861	0.032789471	0.020914417	0.032533029	0.018322604	0.033573811	0.019549415	0.032849114	0.021570273	0.033338106
0.019638026	0.033123748	0.020897947	0.032577189	0.018322149	0.033630713	0.019579221	0.033253306	0.021599246	0.033417918
0.019600086	0.032534704	0.020822026	0.032848222	0.018410253	0.033149951	0.019536743	0.033116351	0.021557666	0.033345403
0.019560071	0.032951789	0.020929479	0.032659547	0.018383278	0.033468561	0.019590365	0.03304045	0.021548566	0.033134147
0.019641787	0.032585301	0.020877233	0.032497876	0.018343199	0.033412012	0.019575188	0.032879891	0.021542365	0.033041933
0.019698748	0.033114891	0.020869528	0.03254273	0.018336187	0.033403195	0.019587649	0.033138017	0.021574252	0.033212966
0.019613194	0.032759009	0.020888864	0.032525949	0.018317179	0.033144384	0.019576578	0.033223854	0.021587125	0.033136357
0.019585017	0.032872465	0.020795506	0.032481436	0.018323838	0.032993139	0.019541175	0.032860959	0.021576909	0.033339094
0.019588952	0.032663331	0.020824319	0.032577931	0.018360859	0.033362172	0.019559164	0.033202087	0.021533183	0.03314643
0.019595694	0.032750187	0.02078674	0.033035774	0.018312587	0.033277791	0.019525599	0.033062783	0.021515851	0.033560609
0.019506218	0.032888108	0.020839201	0.032714125	0.018265916	0.033615189	0.019542011	0.033064909	0.021491	0.033057873
0.01957075	0.032890441	0.020714947	0.032862657	0.018339567	0.033463413	0.01953942	0.033102658	0.02160756	0.03330823
0.019574393	0.032627647	0.020814445	0.032766666	0.018298329	0.032843094	0.019475497	0.033065162	0.021391007	0.033322642
0.019610444	0.03254071	0.020806542	0.032729205	0.018307526	0.033286611	0.019533378	0.032974101	0.021501311	0.033540981
0.019555268	0.032623962	0.020789858	0.032764395	0.018305496	0.032959519	0.019541486	0.033249365	0.02147343	0.033002875
0.019507866	0.032736761	0.020760594	0.032785359	0.018307005	0.033324345	0.019561595	0.033102704	0.021486877	0.033220374
0.019505922	0.032845302	0.020764776	0.032731924	0.018215189	0.033375926	0.01950797	0.032972384	0.021429028	0.033242534
0.019475605	0.03270455	0.020735269	0.032773808	0.018250084	0.033281403	0.019565261	0.033331958	0.021474649	0.033169277
0.019515294	0.032797762	0.020747989	0.032920194	0.018240471	0.033504811	0.01956673	0.032932441	0.02154353	0.03315058
0.019474645	0.032704595	0.020760113	0.032435847	0.018220298	0.033360905	0.019580129	0.032967947	0.02139853	0.033120049
0.019516273	0.032874949	0.020724183	0.032707845	0.018230034	0.033349068	0.019492141	0.033069073	0.021489927	0.033378897
0.019527127	0.032699031	0.020722834	0.032741683	0.018243965	0.033182006	0.019547079	0.032986415	0.021463338	0.033441821
0.019540322	0.03245739	0.020761373	0.032767974	0.018199263	0.033446423	0.019513554	0.033075688	0.021482725	0.03340868
0.019491851	0.032921576	0.020743727	0.032852068	0.0182143	0.032997923	0.019561261	0.033345987	0.021399119	0.033025773
0.019492337	0.032991203	0.02069619	0.032631602	0.018252811	0.033287388	0.019543564	0.033055184	0.021366535	0.033403906
0.01944299	0.032992284	0.020712884	0.032726642	0.018148349	0.033335756	0.019514772	0.032976129	0.021412388	0.033219424
0.019397724	0.032607372	0.020743879	0.032872497	0.018231892	0.03329746	0.019544647	0.033252329	0.021386737	0.0332659
0.01949951	0.032963943	0.020729762	0.032859588	0.018249338	0.033392322	0.019457315	0.033349347	0.021410706	0.033169103
0.019486848	0.032796079	0.020688114	0.032669277	0.01816627	0.033712708	0.019494357	0.033273346	0.021431526	0.033235336
0.019372466	0.032489017	0.020703666	0.032745159	0.018191026	0.03348458	0.019519606	0.032710621	0.021350319	0.032990729
0.019403343	0.032763367	0.020661796	0.032643054	0.018143518	0.033417397	0.019490434	0.033269216	0.021342255	0.033477752
0.019409552	0.032535003	0.020634276	0.032583034	0.018152505	0.03334684	0.019511815	0.032975319	0.021474294	0.033376924
0.01945133	0.032843683	0.020665945	0.032517628	0.018188554	0.033643475	0.019464007	0.033393933	0.021342881	0.033438383
0.019483835	0.032605374	0.020644722	0.032685532	0.018196537	0.033019698	0.019456048	0.033216973	0.021311771	0.033238115
0.019437344	0.033031339	0.020671733	0.032933078	0.018142255	0.033220162	0.019512578	0.0329923	0.021385317	0.033098301
0.019476881	0.032619407	0.02066306	0.032598743	0.018167221	0.033524934	0.019491116	0.033104676	0.021340791	0.033499076
0.01938182	0.032661922	0.020676332	0.032740638	0.018145117	0.033625902	0.019439574	0.033176816	0.021394323	0.033386559
0.019365868	0.033021531	0.020636299	0.032707394	0.018148326	0.033319771	0.019459501	0.033005568	0.021350482	0.033340785
0.019361373	0.032794584	0.020640393	0.032697094	0.018132686	0.033531138	0.019438844	0.033104161	0.021429375	0.03359719
0.019409158	0.032837634	0.020667409	0.032833024	0.018103416	0.033455195	0.019464028	0.033225325	0.021335721	0.033306926
0.019444886	0.032665394	0.02066875	0.032722133	0.018153115	0.033336168	0.019396856	0.033190566	0.021313179	0.033105097
0.019397323	0.032644999	0.020641277	0.032789398	0.018123759	0.033311522	0.01951377	0.033050974	0.021356401	0.033094613
0.019352416	0.032757162	0.020604645	0.032684041	0.018122326	0.033407479	0.019440359	0.032864707	0.021318206	0.033099398
0.01930363	0.032623207	0.020680026	0.032441352	0.018168765	0.033384613	0.019456237	0.033129174	0.021318597	0.033492154
0.019373863	0.032495144	0.020589709	0.032906735	0.018118572	0.033243918	0.01939601	0.033003321	0.021330026	0.033262602
0.019356807	0.032793541	0.020576487	0.032860735	0.018066129	0.033381162	0.019392986	0.032999463	0.021339692	0.033329413
0.019362603	0.032761298	0.020597036	0.032555403	0.018076035	0.033097489	0.019381269	0.033225243	0.021321115	0.033260001
0.019340995	0.032676867	0.020590831	0.032698149	0.018109869	0.033129759	0.019350928	0.033026644	0.021285694	0.0332717
0.019338611	0.032739403	0.020603904	0.032871036	0.018076959	0.033112222	0.019449302	0.032874007	0.021263372	0.033284463
0.019277373	0.032427439	0.020623803	0.032567604	0.018128332	0.033408642	0.019409956	0.03295948	0.021273351	0.03305239
0.019304785	0.032936299	0.020597771	0.032531159	0.018049042	0.033002615	0.019446767	0.033039485	0.021335568	0.033292804
0.019252623	0.032400185	0.020508103	0.032971146	0.018089236	0.033650879	0.019372167	0.033232763	0.021256202	0.033179819
0.019348968	0.032664407	0.020561296	0.032481115	0.018031459	0.033139591	0.019464241	0.033115846	0.021253504	0.033241144
0.019263721	0.032756026	0.020559991	0.032978973	0.018109191	0.033163789	0.019377172	0.033095676	0.021286202	0.033380987
0.019310929	0.032715818	0.020573715	0.032787049	0.018041905	0.033127104	0.019389049	0.033071671	0.021254198	0.03329846
0.019251212	0.032891481	0.020531369	0.032673271	0.018025948	0.033279763	0.019391454	0.032830001	0.021228978	0.033316689
0.019337585	0.032573696	0.020530159	0.03274059	0.018074687	0.032993195	0.019401641	0.03315126	0.021205315	0.033441227
0.019312026	0.033121462	0.020544535	0.032732874	0.018011633	0.033195435	0.019400709	0.033097774	0.021282041	0.033348276
0.01928337	0.032517206	0.020572025	0.032757312	0.017994852	0.033121351	0.019369303	0.033197272	0.021181461	0.033162994
0.019359938	0.032651195	0.020524511	0.032541901	0.018051333	0.033191559	0.01943143	0.033338052	0.021157122	0.033371269
0.01928892	0.032526734	0.02047814	0.033053662	0.018027809	0.033261426	0.019429027	0.033268809	0.021269491	0.033115802
0.019240079	0.032450291	0.020492635	0.032809435	0.018009954	0.033042075	0.019315392	0.032966818	0.021215184	0.033190337
0.019237832	0.03291481	0.020519483	0.03276093	0.017999086	0.033542167	0.019351864	0.033103961	0.021287807	0.033668763
0.019286024	0.032695202	0.020493164	0.032807557	0.018053684	0.033033947	0.019373184	0.032904473	0.02119479	0.033410676
0.019261542	0.032677016	0.020604255	0.03231586	0.018001975	0.033413009	0.019349767	0.033056292	0.021248021	0.03282511
0.019254412	0.032647504	0.020474413	0.032915882	0.018036409	0.033335026	0.019353348	0.033104121	0.021174156	0.033096664
0.019276917	0.032737071	0.020548563	0.032775371	0.018027529	0.033502606	0.019369181	0.033193801	0.021150136	0.033316737
0.019196824	0.032627143	0.020541868	0.032703576	0.018025509	0.03303218	0.019328279	0.0331093	0.021205178	0.033263955
0.01928923	0.032548075	0.020477081	0.032953188	0.017983806	0.033268517	0.01935617	0.032974625	0.021211169	0.032844162
0.019269484	0.032667102	0.020523865	0.032563084	0.017937539	0.033691973	0.019351558	0.03306364	0.021127555	0.032837531
0.0192406	0.032621719	0.02048426	0.032692496	0.017972088	0.0333657	0.019376912	0.033089406	0.02119391	0.033043878
0.019237151	0.032532038	0.020479853	0.032913982	0.01801258	0.033226014	0.019342391	0.033248763	0.021172333	0.033397332
0.019201417	0.032873392	0.020437451	0.032848072	0.01799081	0.033530591	0.019302295	0.032934829	0.02122063	0.033086755
0.019306665	0.032560301	0.02042793	0.03226108	0.017971543	0.033311416	0.019367156	0.033133447	0.021104761	0.033451767
0.019234932	0.033186887	0.020458589	0.032661224	0.01798711	0.033078913	0.019348151	0.033145429	0.021250393	0.033478694
0.019285154	0.032561697	0.020465284	0.032613213	0.017947865	0.033243347	0.019351361	0.033060109	0.02117655	0.033273701
0.019275421	0.032616717	0.020503236	0.032843375	0.017997197	0.033447143	0.019293813	0.033152769	0.021132453	0.033359682
0.019275327	0.032929595	0.020464487	0.032859705	0.01793547	0.033229785	0.019353471	0.033095631	0.021138743	0.0334554
0.019244248	0.032839473	0.020475582	0.032777463	0.01798599	0.033250338	0.019336069	0.033024649	0.021193415	0.033059614
0.019210406	0.032666517	0.020429723	0.032701946	0.017931373	0.033675321	0.01938607	0.033093715	0.021167104	0.03345361
0.019156873	0.032852337	0.020499463	0.032651268	0.017967494	0.033369543	0.01933806	0.032824034	0.021102767	0.0333932
0.019238802	0.032661519	0.020504624	0.032996776	0.017949592	0.03325566	0.019391214	0.033008479	0.021158024	0.033381136
0.019292583	0.032699645	0.020444383	0.032923689	0.017926577	0.03374469	0.019352631	0.032745545	0.02114866	0.033470835
0.019200973	0.032736235	0.020436746	0.032706248	0.017908692	0.033201411	0.019260605	0.033053364	0.02112508	0.033505114
0.019199083	0.032813741	0.020455643	0.032760533	0.017951479	0.033099999	0.019288575	0.033341306	0.021173369	0.033528218
0.019232654	0.032686828	0.020389057	0.033105176	0.017939375	0.033587956	0.019308183	0.033302718	0.0211155	0.033156565
0.019277831	0.032652551	0.020495334	0.032727349	0.017966762	0.033084969	0.019305302	0.033153316	0.021095629	0.033330913
0.019183979	0.032622576	0.020513118	0.032739203	0.017972797	0.033302789	0.019343637	0.033177996	0.021117084	0.033149346
0.0192204	0.032839285	0.020416268	0.032898868	0.017928147	0.033314766	0.019259536	0.032857055	0.021124056	0.033411707
0.019263454	0.033098776	0.020387161	0.032693343	0.017889529	0.033379558	0.019304399	0.033333603	0.021148866	0.033147085
0.01915796	0.03265002	0.020451294	0.032787781	0.017897779	0.033271465	0.01928509	0.033338737	0.021103083	0.033480014
0.019164405	0.032766211	0.020446895	0.032675793	0.017931429	0.0332282	0.019229981	0.033244557	0.021074936	0.033062965
0.019156093	0.032962374	0.020367493	0.032698114	0.017952599	0.033560979	0.019308033	0.03324587	0.021071318	0.033156781
0.019160608	0.032749331	0.020388101	0.032863613	0.017914757	0.033734408	0.019234864	0.032954036	0.021059673	0.033207852
0.019169006	0.032748667	0.020391228	0.032904393	0.017939926	0.033200302	0.019283571	0.033354801	0.021087305	0.033293888
0.019180467	0.032742026	0.020449126	0.032718798	0.0179329	0.033170791	0.019352154	0.033225457	0.021139554	0.033463056
0.019231528	0.032641158	0.020413586	0.032737994	0.017877298	0.033252112	0.019303886	0.033051164	0.021083076	0.032932098
0.019145358	0.032689198	0.020373498	0.033151482	0.017929726	0.033639579	0.019256286	0.033203485	0.021090181	0.033254824
0.019161144	0.032541328	0.020394145	0.032958402	0.017863678	0.033500257	0.019250265	0.033483775	0.021062172	0.033428064
0.019159644	0.032618906	0.020378738	0.032786424	0.017842259	0.033119072	0.019258383	0.032994654	0.021078237	0.033540955
0.019144179	0.0324188	0.020309808	0.032575184	0.017884948	0.033161811	0.019213665	0.032975148	0.021019096	0.033440567
0.019207288	0.032706619	0.02036777	0.032882979	0.017917346	0.033278358	0.01932565	0.033142401	0.021083607	0.033694926
0.019151212	0.033054451	0.020369805	0.033032514	0.017889721	0.033194495	0.019275466	0.033133575	0.021021334	0.033489773
0.019089992	0.032580141	0.02043585	0.032821044	0.017835641	0.033310678	0.019258001	0.033161309	0.021095529	0.03332689
0.019148173	0.032764866	0.020349797	0.032941114	0.017922023	0.033256799	0.019233553	0.032993944	0.021074467	0.033441932
0.019115118	0.032565355	0.020352627	0.032685587	0.017866087	0.033352603	0.01927485	0.032971874	0.021070764	0.033265708
0.01916568	0.032843783	0.020381725	0.032627043	0.017866874	0.033414542	0.019262281	0.033379158	0.021057411	0.03303874
0.019157521	0.032641147	0.020380301	0.033081535	0.017872795	0.033362916	0.019265912	0.033469162	0.021069027	0.033262495
0.019180993	0.032333312	0.020348168	0.032853884	0.017911717	0.03328906	0.019296961	0.033018292	0.021032088	0.033309206
0.019104734	0.032629618	0.020315035	0.032857846	0.017838905	0.03328545	0.01931942	0.03314158	0.021005757	0.033307796
0.019199273	0.032573575	0.02041582	0.032706707	0.01779954	0.033066036	0.019264909	0.033106676	0.021101554	0.033338198
0.019127213	0.032408315	0.020386596	0.032917166	0.0178053	0.033656193	0.019210086	0.033248722	0.020980512	0.033417159
0.019114716	0.03286657	0.020313572	0.032785008	0.017837373	0.033048638	0.019241656	0.03315012	0.021084094	0.033347398
0.019076968	0.032587941	0.020353014	0.032794403	0.017832236	0.033209222	0.019198519	0.033110927	0.021076221	0.033294595
0.019146059	0.032484484	0.020342266	0.032934979	0.017809824	0.033521175	0.019189223	0.033050796	0.021074108	0.033217485
0.019083774	0.03285941	0.020380562	0.032581949	0.017906731	0.033583528	0.019235362	0.033071843	0.021028175	0.03355707
0.019118153	0.032991187	0.020330964	0.032950567	0.017848253	0.033386818	0.019269256	0.033074009	0.0210643	0.0333606
0.019082291	0.032674611	0.0203775	0.032817344	0.017931119	0.033347724	0.019279111	0.033112191	0.021004584	0.033006146
0.019060171	0.032594886	0.020357442	0.032712643	0.017839136	0.033553491	0.019271256	0.033093132	0.021016775	0.03327517
0.019075783	0.03279871	0.020367514	0.032834585	0.017884972	0.033524946	0.019285005	0.033177199	0.021041306	0.033515228
0.019076242	0.032691972	0.02028972	0.032731436	0.017796905	0.033664625	0.019229881	0.033096355	0.021002318	0.033405781
0.019161811	0.032590779	0.020339561	0.032703338	0.017800805	0.033414144	0.019199867	0.03316933	0.020966309	0.033378465
0.019096874	0.032585994	0.020342837	0.032873786	0.017751117	0.033441951	0.019288433	0.033030206	0.021027402	0.033378052
0.019107062	0.032648403	0.020225718	0.032777423	0.017814232	0.033279887	0.019240925	0.033150822	0.021001767	0.033024826
0.019083196	0.032801779	0.020305309	0.032921108	0.017821551	0.033283421	0.019313576	0.033266877	0.021098816	0.033303809
0.019014989	0.032743535	0.020302634	0.032730567	0.017745541	0.03328242	0.01925954	0.032906059	0.020984228	0.033559391
0.019102009	0.03309622	0.020286966	0.032581494	0.017846504	0.032978005	0.019175168	0.033157207	0.021009249	0.033168879
0.01906905	0.032818903	0.020288869	0.032689712	0.017853509	0.033215588	0.019197503	0.033107214	0.02107312	0.033301805
0.019030127	0.032604647	0.020304296	0.032430686	0.01788442	0.033472907	0.019234629	0.033251043	0.021010596	0.033106395