0.14450087804794312     0.10510760456187362
0.0821696837955051     0.06225164121040671
0.05812657535341051     0.0646533757834734
0.058204559580485024     0.061542216617135374
0.05558973768022325     0.05771979883423022
0.052252239471011694     0.0526417715064267
0.049411404678556654     0.04157439503550051
0.050511296855078804     0.041718079236902565
0.04568252002927992     0.04175538403602793
0.05006711232927111     0.0441180751808012
0.04592579979366726     0.03982842265530688
0.042402309815088905     0.05523725173094496
0.04401045895152622     0.03771884149720645
0.04325995447370741     0.03922806469553429
0.04219748946825663     0.04035785899652166
0.04100472125477261     0.04107507511874661
0.04002174887657166     0.03696391034551195
0.04024202644560072     0.038593010503297824
0.040859661711586844     0.03685060490242212
0.03903099422454834     0.03744400336224719
0.03888661259015401     0.03780930182643932
0.03864613598717583     0.0377623673816598
0.038899305131700306     0.039811621720503655
0.03787593445248074     0.03895671965860771
0.03775828989346822     0.03863632121704136
0.03965145443810357     0.03867829356541037
0.037348746262656315     0.03626629380111075
0.03714473840925429     0.034678824993281974
0.036252338806788124     0.038881554069209366
0.03685311082734002     0.04001082227870111
0.03549628216425578     0.03552216745817785
0.03520922723346286     0.036297284612418046
0.036369127278857764     0.03607226410296534
0.03543415072229174     0.036418526277420205
0.03604261492093404     0.03506413237577145
0.03518330940140618     0.03805985824045344
0.037008868312835695     0.03566814592394731
0.03443163532680935     0.035195896760556664
0.14227478736241658     0.0811455753230666
0.08460120193693373     0.0887868706277027
0.05344768764177958     0.03981523210348072
0.05224025756518046     0.03832062769928363
0.045002388615078395     0.045071804669184326
0.04510836709870233     0.044605871273352936
0.041374830346637304     0.06025463989491314
0.04453079267077976     0.035855044733068664
0.040646225388844805     0.034718232912571
0.039009321631325616     0.03948478648897715
0.03790659679836697     0.05049674876025222
0.04014133658938938     0.037170819496723594
0.03729666299819946     0.033956630579001695
0.03633826984299554     0.03877078867274522
0.037879859585232205     0.03607461318336139
0.0372655489815606     0.054074908455238865
0.035563152159584895     0.0364752332810714
0.03589161228073968     0.033970632514836153
0.03532449716462029     0.035838906039962065
0.03625915821393331     0.033548823619407205
0.035844921742545235     0.03585711937737329
0.03628585962719388     0.03474051082291087
0.03469042308595446     0.03912756484625132
0.03490026869773865     0.033511430723092955
0.03423289170265198     0.033049484392461394
0.03408090682029724     0.033605871710457376
0.03377275604142083     0.03496744170655641
0.035443547688590156     0.034275010794059126
0.033481311888164944     0.03388807761799303
0.03311612369219462     0.03320531336976664
0.03396306686401367     0.035113190585712425
0.033085793961419     0.033323792431507356
0.03247789974212646     0.03412012303288196
0.032242699527740476     0.0327043459465936
0.032043315845065645     0.034599497123163694
0.032222060129377575     0.033233582066924554
0.032444519466824     0.03386440723814648
0.03248136983447605     0.03249008023517506
0.03206928528149923     0.033668443851198646
0.032062236881256104     0.03432604647443579
0.03211280983289083     0.03368910860412432
0.03172870276769002     0.032874966352924966
0.031601990842819214     0.033263634776650855
0.031086938073900013     0.033830006798668294
0.0307349715868632     0.03275623180933649
0.030929722955491807     0.0336975049781212
0.030891951534483167     0.032069190309109326
0.030583144617080688     0.03250701545145103
0.031537241946326365     0.03168159524729484
0.030798969422446358     0.035714481307842445
0.0311057249546051     0.040077937386802764
0.030619719094700282     0.03427560531660349
0.03075270856751336     0.03209822749851288
0.030237699678209093     0.032458878524536806
0.030128624349170262     0.03396858332083053
0.02994346931245592     0.03197236811702038
0.02992126438882616     0.03167075119524001
0.02984418403307597     0.03210911417536919
0.030200893306732177     0.032990330333661666
0.029690884256362914     0.032864333378175216
0.029750102456410726     0.032842295643908885
0.02987999348110623     0.032651140316771604
0.029428246482213337     0.033650637184649224
0.029639445145924887     0.0324080574809476
0.029259582556618584     0.032263771193101136
0.029087468756569757     0.03232394878105896
0.029046850882636175     0.03309252752211709
0.0292656299273173     0.03235762459891183
0.029267574305004544     0.03211188060507419
0.028885268269644843     0.03261377420556226
0.029034630086686875     0.03252594397785927
0.028847538651360406     0.03191948933666785
0.028796367147233753     0.03402673440648291
0.028547830300860933     0.031891855117243996
0.028799209600024755     0.032637100027514514
0.028397768704096476     0.03129019403097244
0.028283017343944974     0.03130183834365314
0.02843720662328932     0.031749248371158084
0.028318981030252245     0.031533467477077845
0.028282597547107272     0.032169267558846845
0.02849175353050232     0.03115622810633578
0.02851520838737488     0.03179264024109986
0.028001223627726238     0.03144407810710577
0.028282680447896322     0.03137878750068456
0.027927055978775026     0.0312824407664544
0.027836928945117526     0.030976551842909757
0.027952555820677016     0.03150673887895828
0.027944377263387044     0.032537916118867076
0.027878029108047486     0.031331794146471664
0.02768677741156684     0.03265178004474218
0.027639779647191366     0.03220579470005945
0.027565190516577825     0.03208457688358923
0.027448205783632065     0.03138246311117622
0.027445621389812894     0.03124534846842706
0.027307212093141343     0.03122891273651593
0.027329255390167236     0.03148949256392238
0.027269440221786498     0.03208457047652095
0.027290761560863918     0.0314995731070069
0.02722971987724304     0.03145548437940237
0.02723745142618815     0.03241189513687457
0.02722455088297526     0.031300428254708676
0.027165954568650987     0.0316432699445714
0.027230590309037104     0.0318165903962614
0.02686325594584147     0.032223207598870686
0.026917722119225395     0.030875248440479713
0.02693172713915507     0.03159277139008573
0.02680589654710558     0.031215720404948584
0.026619939070277744     0.031438634056781135
0.02670181310441759     0.031175272048960163
0.026843457910749647     0.0315495799190019
0.02677445690896776     0.031631456734451814
0.026929553185568916     0.03301565533889211
0.026688903299967447     0.031129936256704127
0.02658060918384128     0.031549835845784954
0.026218600739373103     0.031156027351529603
0.026471632056766087     0.032040000595885826
0.02634172305001153     0.031031974318357417
0.026480942344665526     0.03140582434997815
0.026257844871944852     0.03359673825664686
0.026420189502504136     0.031577736670439
0.0264612687614229     0.031114744118949177
0.02619949679374695     0.030636010735495673
0.026135255161921184     0.031617867787560386
0.026072599368625216     0.03168266941008978
0.02600557972325219     0.03146252085315633
0.02593074385854933     0.031404866849218185
0.02600751339594523     0.03128925450559849
0.026122771530681186     0.03113897698599867
0.026009853267669678     0.03117573122218706
0.025791094703144498     0.03167066639057233
0.02578250667783949     0.03083856459305537
0.02588452341556549     0.030730827960147557
0.025676261054144965     0.030797633215308113
0.025701942637231613     0.030668745070259285
0.025591792194048564     0.03120806289050654
0.02574138262271881     0.031519051840403885
0.02558769949807061     0.031003566801386714
0.025583768489625718     0.031385952649726524
0.025629440111584134     0.030961942303433194
0.02549008102416992     0.03110648398414036
0.025551737223731146     0.030942028601289497
0.02546223496331109     0.030903778759592493
0.02545327417585585     0.0320852987466157
0.025392734728919134     0.031222254012829444
0.025343408852153353     0.031021500808418246
0.025291765758726333     0.03097537774764703
0.025303040965398153     0.031002326232790558
0.025233522070778742     0.031090170965384245
0.025283549801508584     0.03068142563724758
0.025223768599828084     0.030987716426352816
0.02524016398853726     0.03102633681016548
0.025135799725850422     0.031207015868764745
0.025017726877000598     0.031046414337485676
0.025009772176212735     0.03121330049085319
0.025032023684183755     0.03084127282522347
0.024956548060311213     0.0315033678711712
0.02502869364950392     0.030786182182520598
0.02497023111184438     0.0311171859238612
0.02488422013918559     0.031045347293655497
0.024921807124879625     0.031145396067533984
0.02497753547032674     0.030993606034884248
0.024924652375115288     0.030899294879639605
0.02484434698952569     0.031012918896402366
0.02477383443514506     0.03088749733124249
0.024830906682544285     0.030989187827381255
0.024717879788080852     0.03100338090741947
0.024799372227986654     0.0310030938351656
0.02475561641322242     0.030894578921435607
0.024661379077699448     0.030799678315908994
0.02472086427476671     0.030864470683784197
0.02467941614786784     0.030759530380233362
0.024516374368137785     0.031288915998824246
0.02455048688782586     0.03091948684431829
0.024631188005871243     0.030673683140163735
0.024513480869928994     0.03084873705977233
0.024432256428400675     0.030840557369265283
0.02457199789683024     0.031023526331866044
0.024497513156467015     0.031317843467183464
0.024484605344136556     0.03098577926705508
0.024528352313571505     0.03079878506380597
0.02446526642375522     0.0312727266720808
0.024365666858355204     0.030993376092322562
0.024333648029963177     0.03088424432029628
0.024397112941741943     0.030938798015082272
0.02433426702287462     0.03082188112117066
0.024272559372584025     0.030792554901797924
0.024237458324432373     0.030839404630896825
0.024204267750846015     0.031044183609878727
0.02425996396806505     0.03108628498948398
0.024206439420912     0.030972415279450008
0.024174247238371107     0.03082277277150661
0.024125344212849936     0.030482189395239275
0.02408386646376716     0.030868645600666583
0.02408366345299615     0.031223045908671723
0.023990051152971054     0.03094377132386228
0.024115959967507258     0.031014831940206985
0.024107818439271716     0.03078003531240022
0.024039030226071675     0.0308605351420918
0.02391496008767022     0.03117120382756209
0.024011368070708382     0.031549170222580074
0.02394586953057183     0.030902908377163755
0.02406397287580702     0.03125006140107104
0.023924385844336617     0.030926323364149605
0.023951906341976588     0.031031418505183928
0.02385219383239746     0.031095480022339653
0.023792396052678425     0.030877482905543163
0.02385411494837867     0.030807840564952386
0.02386373955408732     0.03114796058560103
0.023830837660365634     0.030747850561715934
0.0238242782274882     0.0308827899157962
0.02379767955409156     0.03099638189721755
0.02389316953023275     0.03109962913297479
0.02382387037807041     0.03095382953119487
0.02376410500738356     0.030873868607135476
0.02365065559281243     0.031065419659726243
0.02368616711828444     0.03094510426102617
0.023661232370800443     0.03093268602788921
0.023678095081117418     0.030740693065561087
0.02361270372337765     0.03079200051241739
0.0235902740266588     0.031194714475636875
0.023626673857371012     0.03095122051959809
0.023544409529368083     0.03110567313405441
0.023533699374728732     0.031002394218903998
0.023530764023462932     0.030951849569121524
0.02360392156177097     0.03079593827878627
0.023540456400977242     0.030874565197837055
0.023554105848736233     0.030851645512824252
0.023568061780929565     0.03125158334674926
0.02347040132946438     0.031334484492240806
0.023528366928630404     0.031183629891560285
0.02347749395105574     0.03086743110527885
0.023479398610856798     0.03103881484260641
0.023420127974616158     0.03075254471809036
0.023364435487323337     0.0313012233540851
0.023422472853130764     0.030617857820297828
0.02338711590766907     0.030776040327352098
0.02341593320104811     0.030954606655185277
0.023389624298943413     0.03109969694111411
0.023341906327671476     0.031139734532835993
0.023376605129241942     0.03111384321395904
0.02335946921242608     0.030587038398067087
0.023379275756412084     0.03091137460600232
0.02330075159602695     0.031004917535962503
0.023215796852111815     0.030910019066125317
0.02329218996365865     0.031200334542365152
0.023231883607970343     0.030986204981147614
0.02327374133798811     0.030845532101838238
0.023247160752614338     0.03089630438051885
0.023267906347910563     0.03086240440426316
0.023216647828949822     0.03083265958976265
0.023216741188367206     0.030744896102354265
0.023190915891859266     0.030990248197181974
0.023223454056845772     0.030973202636952253
0.023184037489361233     0.03082554809991755
0.023150062518649633     0.030948094760146927
0.023117370912763807     0.030998462058719863
0.02319026041560703     0.030985915595230198
0.02313672629992167     0.031091581321289884
0.0231299825641844     0.03095834704825624
0.0231409867922465     0.031208665421886255
0.02313443406952752     0.030708280241043363
0.023099379997783238     0.030894411447789673
0.023079305209053887     0.03089032943339738
0.02312439357439677     0.030948092179522203
0.02306341831419203     0.03107690041419162
0.023110516442192926     0.030926620491941195
0.02310399629804823     0.030843531494767092
0.02304519157409668     0.030871019597439285
0.02304529504246182     0.030846003555279344
0.02302941695054372     0.030952556482322004
0.023026129508018495     0.030969152034991957
0.02305417804982927     0.030800756661095725
0.023002395100063747     0.030787819989350255
0.022971719455718995     0.030943853458918175
0.022955357321103414     0.030920931727203
0.02296100329293145     0.030784041865766075
0.02296057985358768     0.03087389877374864
0.022927483261956108     0.03125250890115487
0.022942180564668443     0.030940426478270687
0.022919380701912774     0.0310963246875082
0.02289388545089298     0.031107400105917667
0.022954505697886148     0.031094466726693398
0.02288803696632385     0.03061756674362628
0.02287841761906942     0.031379483023541425
0.02287086794641283     0.031104953940639727
0.0228532751083374     0.03098148635333183
0.02284567444589403     0.031111640962211123
0.022880891092618306     0.030886229265644955
0.02285317441092597     0.031136582255241105
0.022852124219470554     0.030903103881733424
0.02278655802673764     0.031025707760642042
0.02285684146086375     0.031205195727450216
0.022873015671306188     0.03120389883004541
0.02284812642203437     0.03112681325585181
0.02280660187403361     0.030967625995909
0.022774360042148167     0.030781846910957037
0.02277227868239085     0.031098492145315862
0.02273202751742469     0.03078199418454047
0.022803029261695015     0.030747574078922143
0.02273737420241038     0.030780697554096844
0.02275701186127133     0.03067977252464369
0.02276742791334788     0.030975648624256075
0.022739171420203316     0.030941635011525432
0.0227336399714152     0.03102835672742853
0.022714780452516344     0.031042853698274853
0.022748476542366877     0.03093170280986906
0.02273548727300432     0.03091273156967227
0.022709970527225072     0.030985577444404187
0.022685379139582316     0.03090842708763129
0.02268623323970371     0.031115462956415624
0.022666397137112087     0.03086851843815859
0.022647636657290988     0.03096336333778597
0.02269734435081482     0.030806423890965526
0.022654266285896302     0.031010225792034378
0.02267077537642585     0.03093232954572895
0.022675826491249933     0.031046435516405832
0.02265305799378289     0.030892996553544
0.022656685235765247     0.030925834202283665
0.022659091096454198     0.030942082349473418
0.022643946340348987     0.031023859677390842
0.022599017662472194     0.0308386277738676
0.022656213328573437     0.030939679609880505
0.022633463742997913     0.0307867526785589
0.02266386880609724     0.03102528578400601
0.02259350262482961     0.03097492035416132
0.022592379585901896     0.030870049816465114
0.022593606991238063     0.030811719065939654
0.02255903510782454     0.03098142157075253
0.02257590623696645     0.03096324302728156
0.022499964510069952     0.030567459999163493
0.022581447052955627     0.03088154516480825
0.0226405826303694     0.030815094968015003
0.022524917459487915     0.030806649206200118
0.02255874167813195     0.030869517851823566
0.022600509595870972     0.031012811755982757
0.022546733535660637     0.030812756922014326
0.022521166099442377     0.03086220578514641
0.022566448381212023     0.030861608681977324
0.02255457519425286     0.031180036594098636
0.022573348516888088     0.030846035234672515
0.022470708711942036     0.031156856888898042
0.02247185702059004     0.030977297554468167
0.022554358360502454     0.031075270349236135
0.02249434544775221     0.030856455797311295
0.022412544441223144     0.030999771948235354
0.02249765017297533     0.03089012734378531
0.022526403612560697     0.03092754907190683
0.022476316102345784     0.030946532414343704
0.022481924941804673     0.03076054287499608
0.022539818694856432     0.03081692160538487
0.022501917521158855     0.030832590713778616
0.022437843561172486     0.03065118133838223
0.02244711808628506     0.03093772839062737
0.022445872791608174     0.031156996954529656
0.022465735244750977     0.03074309820780461
0.022497404697206284     0.030936526353427966
0.022493214469485812     0.030860940211186537
0.022500557745827567     0.03076539961072817
0.02245746654669444     0.030928256785990843
0.022474211830563015     0.03103025286369185
0.02250961184501648     0.031001183994895123
0.02248096956147088     0.03093472311965474
0.022412126726574368     0.030638909666932227
0.02242972788280911     0.03097034383867952
0.02236469899283515     0.031029433114899956
0.02245294138060676     0.030976738804721717
0.022370973486370512     0.031048761282192302
0.02241789730919732     0.030901722446622117
0.02244275763829549     0.030959633801136265
0.022418193425072563     0.03108776929363604
0.02240346305105421     0.031218975462597165
0.022401741038428413     0.031091484147420936
0.0223621805773841     0.030998937338604527
0.02232185247739156     0.030889890193271805
0.022394603400760226     0.03109338268633486
0.022434213961495295     0.03102720505690479
0.022414883046680028     0.031142318183120823
0.022362839820649887     0.031043366174750377
0.02236660719977485     0.031004836023816023
0.022390964073605007     0.031230204650645403
0.022362103499306573     0.030798665643172154
0.02239134529431661     0.03098610068831391
0.022381829963790047     0.03107656920435625
0.022371713964144387     0.0310502595573127
0.02244984125826094     0.031045599038046753
0.022377851136525472     0.030940817309435906
0.022321853399276732     0.030893728383121134
0.02236928573184543     0.03081342557077923
0.02235175353686015     0.030590281353475576
0.02231783029768202     0.030840154079911735
0.02234627039697435     0.030749617577755954
0.022390908421410456     0.030960641045662474
0.022337519534428914     0.03099435325922267
0.02234537722269694     0.03086495610819364
0.02234791954358419     0.030987824456643023
0.022315692353248595     0.030867415621530503
0.022285949495103624     0.03080095447932894
0.022329500616921318     0.030872232847008185
0.022327405903074478     0.030960972344484906
0.022289768444167243     0.030860709734702497
0.02238364593717787     0.030953117456744943
0.022282918792300755     0.03113661945183197
0.022332267599635653     0.031073880905289473
0.022245469448301528     0.030872720496094113
0.022354893922805787     0.030976546770647366
0.022319527718755935     0.030973626482316538
0.02236756001048618     0.030855032538282035
0.022355820698208278     0.03078389325737675
0.022289325994915433     0.030771234848166264
0.022280918751822577     0.03087304716758945
0.02228020403650072     0.03117245738826893
0.02231060363981459     0.03089147754443874
0.022266029000282288     0.030992665797613825
0.022235788750648498     0.030905660835900413
0.022260498852199977     0.030849859186592325
0.02225427893532647     0.030722301754030908
0.022319355164633858     0.03091525453078254
0.0222996161725786     0.03113587996936772
0.022222662994596694     0.03100620446681665
0.022292741391393874     0.030884036535512402
0.022281407101949056     0.031067571811759672
0.022300749338997734     0.03094132115416666
0.022238767772250704     0.031030946784781643
0.022232604720857408     0.030921913432443143
0.022309598551856148     0.03095652619504524
0.022296511001057093     0.03084887356592157
0.02224647856288486     0.031210566452437843
0.022277318255106607     0.031016187391096926
0.022249864149093627     0.03098415721093495
0.02226872680981954     0.030884121251193025
0.022306481239530777     0.030991533526269047
0.0222056616253323     0.03115336325694301
0.02228347482946184     0.030944423599008238
0.02225908171335856     0.030902077860937665
0.022251192331314087     0.030865014216743477
0.02220021373960707     0.03103102251276926
0.02229794554180569     0.030937715932439044
0.022237754358185664     0.031070467806623266
0.022191605695088705     0.030951642674208243
0.02225119517909156     0.031137098736134308
0.022228143946329753     0.031115298597316772
0.022240142061975266     0.030829347402421887
0.022163355032602947     0.030824374894525417
0.022246143203311496     0.031073840505164475
0.02224901118543413     0.03079661769498537
0.022224584669537015     0.030797108102670143
0.022212439510557385     0.030939797161786072
0.0222184808784061     0.030798197749213427
0.02222525450123681     0.031068025111840643
0.022242168344391716     0.031072297291579037
0.022239588395754496     0.031016825873248666
0.022221158202489218     0.03103954542636471
0.022246780660417347     0.031118651184782537
0.022182800324757893     0.03097136994846234
0.022230831585990058     0.030998674292856715
0.02222821274863349     0.03087815084241159
0.022269161910480922     0.030873461224377195
0.022269471700986226     0.031107172210058348
0.022298008637958104     0.030964825306186106
0.022218885042932297     0.031074684102488308
0.02224348701900906     0.030998986904396654
0.02224554520448049     0.030826362954421177
