0.13463533448113335     0.07222865443627002
0.07524919888178508     0.06506466151418398
0.05681545341809591     0.047799163715846284
0.062008885945214164     0.04239517251780265
0.0529633238474528     0.06331334599499117
0.04973332176208496     0.06257770332236048
0.045427182001537746     0.04389891322339617
0.045866810242335     0.03684645009661517
0.04486629708078173     0.04473145265927163
0.04310798255602519     0.046936029461078194
0.04323789589669969     0.04633667207180236
0.04216453653441535     0.043490112723282626
0.039578168471654254     0.03752592929855394
0.04041878325674269     0.04002252585676342
0.04018700807889303     0.03772707618171626
0.03866090135044522     0.040088599460320964
0.03817664123111301     0.03545371060319342
0.03600643995602926     0.04108356003486766
0.03820970933172438     0.040018565398694375
0.03653506117926703     0.03772359500794955
0.03533223106596205     0.03984747816624899
0.03438279905319214     0.03854071725779665
0.034921496046914     0.03448567733487009
0.03456062970691257     0.03967583476468188
0.03380720626513163     0.03503623689034097
0.03297963964674208     0.034311671326873884
0.031964612017737495     0.033488214622185035
0.03245372592608134     0.03716608040188413
0.031643960507710775     0.03436777108283122
0.03072704594400194     0.03401451719511331
0.03084172370168898     0.03334429620684244
0.029809379418691     0.03496516363783382
0.029561332003275553     0.03404341449685936
0.02890884827507867     0.03391326095582479
0.028540837293201022     0.0334200610350993
0.028309737629360624     0.03375963209457803
0.0273098651515113     0.03380425661326767
0.02712808552318149     0.03365399680209269
0.026440711810853747     0.03421546278954709
0.02657609050008986     0.03370059861324389
0.025549048031700983     0.03395594644648844
0.025354422362645467     0.03329868749127499
0.024645843121740552     0.03416360006343966
0.024186576085620456     0.03431556379882949
0.02387141940858629     0.033398046526455484
0.023373971859614054     0.036310808509769
0.024406143707699245     0.03346305744654876
0.022745516000853644     0.033592299493133124
0.02209380703502231     0.034452393327040094
0.02180459322399563     0.03462728742588987
0.02096354664961497     0.03486549261402281
0.02072408077981737     0.03429574264322765
0.02055061683124966     0.034115822555258656
0.020306436321470472     0.034433933851422356
0.01967208513153924     0.03398967022836637
0.019132094846831427     0.03423823493401528
0.019018728597958882     0.034317521514137965
0.018613176329930623     0.034333071201897894
0.017929633265071444     0.0347438522869942
0.017894259927007886     0.034923318540959855
0.017183768484327528     0.03441113821437046
0.017029236324628196     0.03419514935753223
0.0166569706969791     0.03416024222573738
0.016301687603526644     0.035044884296832626
0.016117815001805622     0.03460036065358885
0.015601769200960795     0.03459035744025901
0.015026218673917983     0.03474682943805603
0.01467015053431193     0.03472639106820966
0.014701177267233531     0.035085986707708204
0.01436531986395518     0.03567983775571777
0.013725222717391121     0.035016750860005115
0.013432516898049248     0.03556889118160053
0.013176382309860653     0.03514698573521206
0.012953889331552717     0.03483755441480378
0.012731578954060872     0.03497065556319645
0.012130390652020772     0.03522100250167256
0.011743399144543542     0.035447612231020456
0.011732764434814453     0.0351756397463375
0.011576220039526621     0.0351665881606217
0.011435125556257036     0.03552486465595057
0.010765794090429942     0.03536093803420712
0.01067550448179245     0.03520282974236045
0.010717512929439545     0.03546122235683204
0.010182874806722005     0.03533626832968265
0.010007432329654694     0.03540891149189308
0.009755767828888363     0.035401530905180126
0.009643918265236749     0.035302233982967154
0.009326812228891585     0.03555756028134331
0.009166756836573283     0.03556866212890944
0.00904105189508862     0.03555646556253764
0.008646708620919121     0.0356690350826456
0.008418671703338623     0.03564237028824768
0.00823314748207728     0.035607032459084975
0.008268834798865848     0.035713625074356166
0.008120599456628163     0.03569701937716143
0.00786407590839598     0.0355887933154265
0.007579251805941264     0.03582953908410748
0.007397277384334141     0.03574424961492665
0.00731269609398312     0.03590040989105432
0.00731062050792906     0.03623718844761964
0.007061446984608968     0.03604207132760742
0.006880404773023393     0.035979309822403584
0.006845376286241743     0.0359139231989452
0.006744061595863766     0.03607414439953207
0.006611091151502397     0.03607797991976961
0.00636141087214152     0.03602755540251743
0.006217091741826799     0.03608996487491398
0.0061316095458136665     0.03609227177544384
0.006065170409944322     0.036124463022183466
0.00588878628677792     0.03613541982084265
0.005701789985762702     0.03622529817470655
0.005582622098260456     0.03616599897801281
0.005560409524705675     0.03614940787469583
0.005398692574765947     0.03615293460983699
0.005268978718916575     0.03621235945625871
0.0051030854423840845     0.03615484640782278
0.00509873296353552     0.03620040297697337
0.004891254382663303     0.036267060335641074
0.004838068656788932     0.03621674616234265
0.004894524759716458     0.03633579589809579
0.004730297876728905     0.036248592851187984
0.004581105191177792     0.03618899287823322
0.004448337023125754     0.03630794544011741
0.0044063102318180935     0.03635885582671433
0.0043825619704193535     0.03633483234621578
0.004330966322951847     0.03638026095197485
0.004170865661568112     0.03630308354313587
0.004150805951489343     0.036391861305048165
0.004005937558412552     0.03647919996823461
0.0039862646871142915     0.03627439393718663
0.003841799850596322     0.03643152764275791
0.003738209968805313     0.03646446442308183
0.0036920196506712174     0.03645002182332885
0.0037033526129192774     0.036437358608817146
0.00371455600394143     0.036479221681077124
0.003550414952966902     0.03641877383941967
0.003464918879667918     0.036455459288611075
0.0034477239463064405     0.03643301212488409
0.003416680370436774     0.036471662942271096
0.0033277931286229026     0.03647031265263061
0.0033030086166328855     0.03650566044834397
0.003218186508284675     0.03647618117122894
0.003206357777780957     0.036454963808663914
0.003125834352440304     0.036533151932524426
0.003082565388414595     0.03651537285196344
0.002999291220638487     0.03651456128998102
0.00297677015264829     0.03651004982403969
0.0029572584834363725     0.03652129333900451
0.0029139699856440228     0.03652796558872403
0.002861256174908744     0.0365306387599907
0.0027802528460820516     0.03659378184170557
0.00276113071375423     0.03657901283741843
0.0026630382703410256     0.03656839596932644
0.0026299895074632434     0.0365728447883779
0.0026673976129955716     0.03660639949484282
0.0025961702393160926     0.03656406603698645
0.0024734448909759523     0.03661188127568067
0.002493012348148558     0.036585220396713365
0.002496184978220198     0.03658367887388206
0.0024629576206207275     0.0366089169387554
0.002407676934533649     0.03662013233380942
0.002355933972199758     0.03663003534771028
0.0023372497161229452     0.03663292279981617
0.0023029092894660103     0.03664151912773569
0.0022935509072409734     0.03663330224063777
0.0022238970511489443     0.03664892854625591
0.002169310967789756     0.036645343791551974
0.0020963944931825     0.0366478165639607
0.002122073551019033     0.03664742163939074
0.002141627566019694     0.03664519162368027
0.0020789958152506085     0.036705852678332235
0.0020250513315200804     0.03666544134096055
0.0019979264557361603     0.03667662986192261
0.001978662544488907     0.036679919268576146
0.0019642737011114756     0.036706663350444056
0.0019049227780765956     0.03666929448063587
0.0018949920992056529     0.036698477964765205
0.001879167014360428     0.03671952269243484
0.0018745911922719743     0.036695148958870195
0.0018470546782016755     0.036706738455522255
0.0017941759241951836     0.036707699159816365
0.0017574395444658068     0.03672901227245738
0.0017285223371452756     0.03672115382523504
0.0017427342719501919     0.036752900848573765
0.0017252120018005372     0.03677012945518483
0.0016826431625419193     0.03670698245803934
0.0016889109631379445     0.03671094095839308
0.0016575182318687438     0.0367297327116909
0.0016563834488391876     0.03672748845805091
0.0016372609992822012     0.03675027537437098
0.001607721655898624     0.03675039746461658
0.001579216754436493     0.036740066600933756
0.001554037779569626     0.03674342746419605
0.0015414304660426245     0.03675172782115575
0.001564909819761912     0.036756012014147174
0.0015274081806341806     0.03675460050140976
0.0014899493098258973     0.03675828865907681
0.001501460005177392     0.036764394773123946
0.0014679745369487339     0.036761415664346805
0.0014560185386074914     0.036780945120367683
0.0014362108296818203     0.0367696352210565
0.001401316468583213     0.03677775546820782
0.001390164152118895     0.036766381231252636
0.001390852454635832     0.03677706920000514
0.0014041461222701604     0.036781367452951956
0.001358716012371911     0.03677756984120175
0.0013373167680369483     0.036774793622920215
0.0013401295906967587     0.03677435936606997
0.0013463959243562487     0.03676383575641632
0.001324091860320833     0.036799408155467804
0.0013128756364186604     0.03679184745894647
0.0012683196498288049     0.03678440280155069
0.001271750506427553     0.03678407586309417
0.0012645454631911384     0.03679895859284333
0.0012596365246507857     0.036803591259159656
0.0012484514600700802     0.0367970060387843
0.0012261494682894814     0.0368052594105766
0.0012273408227496676     0.03680994297749095
0.0012094004670778911     0.036805868615985775
0.0012113329688707988     0.03680066198313582
0.0011923465344640945     0.03680848483553437
0.0011893318361706204     0.03682042654296784
0.0011729731771681043     0.03681390396948235
0.0011661993781725566     0.036806644227196164
0.001160173718796836     0.03681582555604468
0.0011423594739702013     0.03682444662236674
0.001130243131849501     0.03682307835734023
0.0011375652333100636     0.0368095743930906
0.001131202107667923     0.03682106333436545
0.0011209883862071568     0.036822589284461346
0.001111802409754859     0.03682548385553199
0.0011002175139056313     0.036833039568777995
0.0011003863129350874     0.036832412032034564
0.0010892096201578776     0.03682936155563572
0.0010856706824567584     0.03682745634269234
0.001064439356327057     0.036826692655747915
0.0010528709928194682     0.03683274911501586
0.0010581179949972364     0.03682194768776252
0.0010474157479074266     0.036834151729047325
0.0010478225886821747     0.036840519109101084
0.0010403723200162252     0.036833524370278016
0.0010273145192199282     0.03683609111302155
0.001018154094616572     0.03683483105625937
0.0010151184697945912     0.03684926368946169
0.0010165360232194266     0.03684062500370186
0.0010017141706413692     0.0368355901158767
0.0009909746785958609     0.03684155847795577
0.000984975090954039     0.036842498893200314
0.0009845473607381185     0.03683717034807888
0.0009875993510087332     0.03684290218255386
